abcC	WP_010881569.1	97.770	269	6	0	1	807	1	269	3.02e-169	476	157
accC	WP_014342542.1	96.315	597	22	0	1	1791	1	597	0.0	927	160
ackA	WP_010881925.1	96.652	448	15	0	1	1344	1	448	0.0	895	157
acpP	WP_010882253.1	87.179	78	10	0	1	234	1	78	3.78e-29	107	160
acpS	WP_010882272.1	96.429	112	4	0	40	375	14	125	3.91e-73	222	160
acrA	WP_010882409.1	95.625	320	14	0	1	960	1	320	0.0	560	160
adaB	WP_010881589.1	97.576	165	4	0	37	531	13	177	2.12e-109	317	160
add	WP_010881494.1	89.298	299	32	0	1	897	1	299	0.0	546	160
adk	WP_014342501.1	99.078	217	2	0	670	1320	3	219	1.33e-156	449	160
ahpC	WP_010881958.1	100.000	187	0	0	1	561	1	187	3.00e-135	385	157
alaS	WP_010882461.1	96.860	605	19	0	115	1929	1	605	0.0	1147	160
alpA	WP_013945354.1	97.248	218	6	0	34	687	1	218	2.35e-153	432	157
alr	WP_012460586.1	96.286	377	14	0	1	1131	1	377	0.0	669	160
alsT	WP_235214099.1	94.570	442	24	0	73	1398	25	466	0.0	645	160
amiC	WP_014505437.1	100.000	334	0	0	1	1002	1	334	0.0	688	160
aNKYR	WP_010881951.1	97.651	298	7	0	1	894	1	298	0.0	561	160
apbE	WP_014342584.1	97.904	334	7	0	1	1002	29	362	0.0	625	160
apt	WP_013945592.1	87.368	190	24	0	1	570	1	190	5.20e-92	275	157
argS	WP_013945414.1	97.453	589	15	0	1	1767	1	589	0.0	1202	53435
asnA	WP_014342483.1	99.701	334	1	0	1	1002	1	334	0.0	679	160
asnS	WP_010882055.1	92.925	523	37	0	217	1785	1	523	0.0	964	157
aspB	WP_014342329.1	96.660	479	16	0	1	1437	1	479	0.0	895	160
aspS	WP_010882429.1	97.884	567	12	0	1	1701	36	602	0.0	1140	160
atoC	WP_010881968.1	100.000	458	0	0	421	1794	1	458	0.0	910	157
atpA1	WP_010881874.1	96.944	589	18	0	1	1767	1	589	0.0	1162	160
atpA2	WP_012460566.1	99.835	605	1	0	31	1845	1	605	0.0	1205	160
atpB1	WP_010881875.1	96.977	430	13	0	1	1290	1	430	0.0	851	160
atpB2	WP_010881976.1	99.167	480	4	0	1	1440	1	480	0.0	971	157
atpD1	WP_010881876.1	94.660	206	11	0	1	618	1	206	1.70e-137	391	157
atpD2	WP_010881975.1	92.823	209	15	0	1	627	1	209	5.87e-112	327	160
atpI1	WP_237260088.1	99.673	611	2	0	13	1845	1	611	0.0	1109	160
bamA	WP_014342371.1	96.879	833	20	2	49	2544	6	833	0.0	1627	160
bamD	WP_014342398.1	94.574	516	28	0	1	1548	1	516	0.0	761	160
bepA	WP_010882358.1	96.396	444	16	0	1	1332	1	444	0.0	869	160
betT	WP_013944811.1	86.667	510	68	0	1	1530	1	510	0.0	778	157
bioY	WP_193386055.1	97.917	192	4	0	1	576	80	271	3.39e-96	288	53435
birA2	WP_013945018.1	97.717	219	5	0	1	657	1	219	1.80e-151	427	157
brnQ	WP_014342347.1	97.582	455	11	0	1	1365	1	455	0.0	717	160
btlA	WP_014342605.1	99.866	746	1	0	1	2238	1	746	0.0	1408	160
carD~~~cdnL	WP_010881960.1	87.709	179	22	0	1	537	30	208	2.60e-95	283	160
cbiQ	WP_013944908.1	94.737	228	12	0	1	684	1	228	4.64e-143	407	53435
cbpA	WP_014505625.1	99.608	255	1	0	31	795	1	255	0.0	514	160
ccdA	WP_013944807.1	93.939	264	16	0	1	792	1	264	7.06e-133	384	157
ccmA	WP_010881716.1	99.174	121	1	0	52	414	1	121	1.51e-78	236	160
cdaA	WP_010882268.1	97.604	626	15	0	1	1878	1	626	0.0	1222	160
cdsA	WP_010882048.1	95.652	276	12	0	1	828	1	276	3.41e-173	488	157
cfpA	WP_012460589.1	98.083	678	13	0	1	2034	1	678	0.0	1252	157
cgtA	WP_010882187.1	100.000	376	0	0	1	1128	1	376	0.0	725	160
cheA	WP_014505476.1	97.654	810	19	0	1	2430	1	810	0.0	1550	160
cheB	WP_013945252.1	99.752	403	1	0	82	1290	1	403	0.0	786	53435
cheR	WP_012460582.1	100.000	303	0	0	982	1890	1	303	0.0	568	160
cheW	WP_014505499.1	100.000	153	0	0	1	459	1	153	3.68e-96	286	157
cheX	WP_010881813.1	97.403	154	4	0	1	462	1	154	1.22e-103	301	157
cheY	WP_010881814.1	89.583	144	15	0	1	432	1	144	4.35e-83	248	157
chiX	WP_010882038.1	100.000	484	0	0	49	1500	17	500	0.0	1007	160
chrA	WP_025267562.1	92.708	192	14	0	1	576	1	192	4.54e-120	346	160
clpA	WP_014342479.1	96.806	814	26	0	1	2442	1	814	0.0	1532	160
clpP1	WP_010881956.1	98.958	192	2	0	1	576	1	192	4.14e-138	393	160
clpP2	WP_014342706.1	100.000	187	0	0	151	711	13	199	1.76e-118	344	160
clpX	WP_010881957.1	92.825	446	1	2	1	1338	1	415	0.0	775	160
cmk	WP_010881790.1	94.624	186	10	0	1	558	1	186	7.29e-124	355	160
coaD	WP_010881732.1	99.371	159	1	0	115	591	1	159	1.48e-109	318	160
coaE	WP_010881745.1	99.526	211	1	0	1	633	1	211	3.83e-152	428	160
coaX	WP_010881879.1	95.238	273	13	0	1	819	1	273	0.0	516	160
cof	WP_010881739.1	97.473	277	7	0	1	831	1	277	0.0	559	160
comEB	WP_010881723.1	93.976	166	10	0	1	498	1	166	5.97e-110	318	160
comEC	WP_331488646.1	97.579	537	13	0	1	1611	11	547	0.0	972	160
comFC~~~comF	WP_237260057.1	99.061	213	2	0	136	774	1	213	1.64e-149	424	160
cps2a	WP_010882184.1	100.000	397	0	0	49	1239	2	398	0.0	733	160
crp	WP_014342344.1	96.677	331	11	0	1	993	17	347	0.0	657	160
csd	WP_010882060.1	97.030	404	12	0	1	1212	1	404	0.0	769	160
csrA	WP_010882102.1	94.521	73	4	0	1	219	1	73	1.03e-41	138	157
ctpA	WP_014505444.1	97.545	448	11	0	1	1344	39	486	0.0	857	160
cutB	WP_014342259.1	96.809	282	9	0	1	846	1	282	0.0	561	160
cutS~~~cutB	WP_014342259.1	99.291	282	2	0	475	1320	1	282	0.0	576	160
cvpA	WP_010881970.1	95.541	157	7	0	1	471	1	157	4.84e-89	265	160
cym1	WP_010881474.1	100.000	1023	0	0	1	3069	1	1023	0.0	2030	160
cysS	WP_010881540.1	100.000	520	0	0	184	1743	1	520	0.0	997	160
dacC	WP_237260058.1	96.847	444	14	0	139	1470	35	478	0.0	843	160
dam	WP_010882255.1	99.670	303	1	0	796	1704	1	303	0.0	632	160
dbpA	WP_014342570.1	99.845	644	1	0	1	1932	6	649	0.0	1282	160
dctP	WP_010882401.1	97.368	342	9	0	1	1026	1	342	0.0	686	160
dctQ	WP_014342665.1	97.627	632	15	0	1	1896	1	632	0.0	999	160
dedA	WP_235214028.1	96.714	213	7	0	4	642	1	213	8.06e-143	405	160
def	WP_010882202.1	95.062	162	8	0	1	486	1	162	7.78e-80	241	157
degQ	WP_014342474.1	97.198	571	16	0	1	1713	1	571	0.0	1084	160
deoC	WP_010881713.1	100.000	209	0	0	1	627	1	209	1.95e-137	392	160
deoD	WP_010882179.1	93.562	233	15	0	1	699	1	233	1.09e-155	439	160
der	WP_010882134.1	96.522	460	16	0	1	1380	1	460	0.0	906	160
dgcA	WP_014505666.1	97.118	347	10	0	1	1041	1	347	0.0	652	160
dksA	WP_010881545.1	93.333	120	8	0	1	360	1	120	2.56e-74	224	157
dltB	WP_014342489.1	94.969	477	24	0	55	1485	19	495	0.0	890	160
dnaA	WP_010881451.1	98.723	470	0	1	1	1410	1	464	0.0	916	160
dnaB	WP_010881507.1	97.032	438	13	0	1	1314	1	438	0.0	859	160
dnaE	WP_010882114.1	95.299	1170	55	0	1	3510	1	1170	0.0	2264	160
dnaG	WP_014342452.1	95.372	605	28	0	1	1815	1	605	0.0	1181	160
dnaJ	WP_014342266.1	97.248	218	6	0	1	654	1	218	8.26e-121	350	160
dnaK	WP_010881664.1	95.433	635	29	0	1	1905	1	635	0.0	1087	157
dnaN	WP_010881452.1	98.916	369	4	0	1	1107	1	369	0.0	746	160
dnaQ	WP_010882088.1	91.628	215	18	0	1	645	1	215	1.43e-142	404	160
dnaX	WP_010882449.1	99.825	572	1	0	1	1716	1	572	0.0	1146	160
dprA	WP_010881841.1	96.026	302	12	0	1	906	1	302	0.0	597	160
dR0291	WP_010881943.1	99.634	273	1	0	298	1116	1	273	0.0	514	157
dusB	WP_010882424.1	97.935	339	7	0	34	1050	1	339	0.0	657	160
dut	WP_010882328.1	89.726	146	15	0	1	438	1	146	4.14e-83	248	157
dxr	WP_013945233.1	95.479	376	17	0	1	1128	1	376	0.0	629	157
dxs	WP_010882268.1	96.508	630	22	0	1	1890	1	630	0.0	1186	160
ecfA2	WP_014342333.1	99.209	253	2	0	1	759	1	253	0.0	509	160
eCM27	WP_014342702.1	100.000	341	0	0	127	1149	1	341	0.0	525	160
eda	WP_010882015.1	94.286	210	12	0	1	630	1	210	6.95e-126	362	160
efp	WP_010881973.1	90.374	187	18	0	1	561	1	187	2.15e-118	341	160
eno	WP_010882261.1	94.444	432	24	0	1	1296	1	432	0.0	805	157
envC	WP_235214104.1	100.000	294	0	0	136	1017	4	297	0.0	518	160
epmA	WP_010882484.1	97.721	351	8	0	1	1053	1	351	0.0	708	160
epmB	WP_172841371.1	99.717	353	1	0	1	1059	3	355	0.0	722	160
ePT1	WP_014342533.1	100.000	333	0	0	34	1032	1	333	0.0	625	160
era	WP_014342470.1	89.028	319	35	0	1	957	1	319	0.0	542	160
fAA1	WP_050810524.1	99.848	656	1	0	1	1968	1	656	0.0	1320	160
fadM	WP_010881603.1	90.076	131	13	0	1	393	1	131	7.02e-81	243	160
fapA	WP_010882155.1	97.866	656	14	0	1	1968	1	656	0.0	1313	160
fAU1	WP_010882139.1	96.889	225	7	0	1	675	1	225	3.42e-143	407	160
fba	WP_010882107.1	100.000	326	0	0	151	1128	7	332	0.0	638	160
fbpB	WP_237260078.1	96.000	550	22	0	1	1650	1	550	0.0	861	160
fecR	WP_014342447.1	99.390	656	4	0	1	1968	16	671	0.0	1282	160
ffh	WP_014342415.1	96.018	452	18	0	1	1356	1	452	0.0	796	160
fhlA	WP_014342260.1	99.423	520	2	1	55	1611	9	528	0.0	949	160
fkpA	WP_010882306.1	100.000	262	0	0	1	786	3	264	7.73e-166	467	160
flaA1	WP_010881526.1	100.000	538	0	0	1	1614	1	538	0.0	1071	160
flaA	WP_014342527.1	95.000	240	12	0	1	720	1	240	3.32e-164	463	160
flaB1~~~flaB2	WP_010882237.1	94.406	286	16	0	1	858	1	286	0.0	540	157
flaB1	WP_010882311.1	96.503	286	10	0	1	858	1	286	0.0	547	157
flaB3	WP_010882313.1	96.140	285	11	0	1	855	1	285	0.0	544	160
flcA~~~fimV	WP_014342683.1	99.903	1033	1	0	1	3099	1	1033	0.0	2060	160
fldA	WP_010882368.1	93.836	146	9	0	181	618	1	146	2.05e-65	206	157
flgB	WP_010881844.1	96.324	136	5	0	1	408	1	136	2.85e-91	268	157
flgC~~~flgB	WP_013945054.1	96.689	151	5	0	1	453	1	151	1.57e-101	295	157
flgD	WP_010882173.1	100.000	153	0	0	1	459	1	153	5.37e-110	317	160
flgE	WP_010882172.1	99.568	463	2	0	64	1452	1	463	0.0	934	160
flgF	WP_010882405.1	97.048	271	8	0	1	813	1	271	4.57e-174	489	160
flgG	WP_010882404.1	93.939	264	16	0	1	792	1	264	9.19e-180	503	157
flgJ1	WP_013945521.1	94.574	129	7	0	1	387	1	129	3.23e-63	197	53435
flgK	WP_010882105.1	94.400	625	35	0	1	1875	1	625	0.0	1122	160
flgL~~~fliW	WP_010882104.1	100.000	415	0	0	1	1245	1	415	0.0	845	160
flgL	WP_010882104.1	97.837	416	9	0	1	1248	1	416	0.0	810	160
flgM	WP_010882418.1	100.000	83	0	0	1	249	2	84	2.62e-51	164	157
flhA	WP_010882159.1	100.000	703	0	0	1	2109	1	703	0.0	1303	160
flhB	WP_013945319.1	99.467	375	2	0	1	1125	1	375	0.0	723	157
flhF	WP_010882158.1	97.025	437	13	0	1	1311	1	437	0.0	813	160
flhG	WP_010882157.1	94.389	303	17	0	1	909	1	303	1.56e-180	510	157
fliD	WP_014342626.1	97.368	722	19	0	1	2166	1	722	0.0	1384	160
fliE	WP_010881846.1	92.742	124	9	0	1	372	1	124	1.41e-76	230	160
fliF	WP_010881847.1	96.649	567	19	0	1	1701	1	567	0.0	1021	160
fliG	WP_010881848.1	100.000	347	0	0	1	1041	1	347	0.0	660	160
fliH	WP_010881849.1	97.087	309	9	0	1	927	1	309	0.0	576	160
fliI	WP_010881850.1	95.078	447	22	0	1	1341	1	447	0.0	799	160
fliJ	WP_010881851.1	95.161	124	6	0	115	486	27	150	3.13e-54	176	157
fliK	WP_014342552.1	97.075	547	16	0	1	1641	1	547	0.0	823	160
fliL	WP_010882167.1	96.154	182	7	0	1	546	1	182	5.54e-103	301	157
fliM	WP_012460587.1	99.394	330	1	1	1	990	1	329	0.0	661	160
fliN	WP_010882165.1	97.701	348	8	0	1	1044	1	348	0.0	632	160
fliO	WP_014505585.1	99.552	223	1	0	94	762	1	223	7.71e-125	365	160
fliP	WP_010882163.1	96.679	271	9	0	1	813	1	271	9.61e-161	455	160
fliQ	WP_010882161.1	100.000	265	0	0	295	1089	1	265	6.17e-159	454	160
fliR	WP_010882161.1	100.000	261	0	0	1	783	1	261	2.48e-155	443	160
fliS	WP_010882386.1	97.973	148	3	0	1	444	1	148	5.04e-90	266	157
fmhB	WP_237260059.1	96.344	465	17	0	100	1494	1	465	0.0	921	160
fmt	WP_010882201.1	96.552	319	11	0	1	957	1	319	0.0	585	160
folC	WP_010881788.1	97.347	490	13	0	1	1470	1	490	0.0	924	160
folD	WP_010882177.1	96.825	315	10	0	79	1023	1	315	0.0	591	160
frr	WP_010882050.1	96.175	183	7	0	1	549	1	183	1.06e-113	329	157
fTR1	WP_013945531.1	94.196	448	26	0	1	1344	1	448	0.0	747	53435
ftsA	WP_012460545.1	95.169	414	20	0	1	1242	1	414	0.0	759	160
ftsB	WP_010881628.1	91.837	147	12	0	1	441	1	147	4.92e-93	274	160
ftsH	WP_014342566.1	97.778	675	15	0	1	2025	52	726	0.0	1180	160
ftsI	WP_010882205.1	97.585	621	15	0	1	1863	32	652	0.0	1213	160
ftsK	WP_010882443.1	100.000	786	0	0	1	2358	1	786	0.0	1423	160
ftsL	WP_014505483.1	100.000	98	0	0	64	357	1	98	9.02e-64	198	160
ftsN	WP_014505451.1	99.600	250	1	0	1	750	1	250	1.73e-179	503	160
ftsQ	WP_010881836.1	90.775	271	25	0	1	813	1	271	1.11e-158	450	160
ftsW	WP_012460544.1	95.833	384	16	0	1	1152	1	384	0.0	654	160
ftsY	WP_010882024.1	98.969	291	3	0	1	873	3	293	0.0	534	157
ftsZ	WP_010881838.1	95.923	417	17	0	1	1251	2	418	0.0	739	157
fusA	WP_010882212.1	100.000	694	0	0	160	2241	2	695	0.0	1424	157
galK	WP_010881866.1	97.733	397	9	0	1	1191	1	397	0.0	796	160
gap	WP_010882288.1	96.571	350	12	0	1	1050	1	350	0.0	670	160
gatA	WP_014342695.1	96.640	506	17	0	1	1518	1	506	0.0	961	160
gatB	WP_010882465.1	96.660	509	17	0	1	1527	1	509	0.0	1019	160
gatC	WP_014505682.1	97.368	114	3	0	100	441	1	114	2.87e-75	228	157
gGDEF	WP_014342312.1	99.314	437	3	0	1	1311	6	442	0.0	816	160
gldG	WP_237250300.1	96.862	478	15	0	1	1434	1	478	0.0	958	160
glmS	WP_014342620.1	93.543	635	41	0	1	1905	1	635	0.0	1162	160
glmU	WP_014342644.1	96.286	350	13	0	1	1050	1	350	0.0	582	160
glpG	WP_010882426.1	93.204	206	14	0	1	618	3	208	8.33e-112	326	157
glpQ	WP_235214078.1	98.271	347	6	0	19	1059	1	347	0.0	712	160
gltA	WP_014342555.1	99.035	518	5	0	1	1554	1	518	0.0	1008	160
gltP	WP_014342482.1	100.000	365	0	0	1	1095	1	365	0.0	688	160
gltX	WP_010882118.1	99.814	537	1	0	88	1698	1	537	0.0	1063	160
glyQS	WP_010882117.1	93.939	462	28	0	88	1473	1	462	0.0	899	160
gnd	WP_010881779.1	97.541	488	12	0	1	1464	1	488	0.0	945	160
gpmA	WP_010881615.1	95.618	251	11	0	1	753	1	251	3.90e-166	467	157
gpsA	WP_010882453.1	95.506	356	16	0	1	1068	1	356	0.0	690	160
greA	WP_013944737.1	99.553	895	2	1	1	2685	1	893	0.0	1830	53435
groES	WP_014342692.1	95.946	74	3	0	1	222	1	74	1.92e-42	141	160
groL	WP_010881479.1	94.963	536	27	0	1	1608	1	536	0.0	939	160
group_0	WP_010882208.1	97.091	275	8	0	1	825	37	311	9.68e-153	437	157
group_100	WP_235214021.1	92.933	283	20	0	1	849	1	283	1.26e-156	446	160
group_101	WP_014342653.1	97.052	407	12	0	1	1221	1	407	0.0	725	160
group_102	WP_014342375.1	96.407	167	6	0	1	501	1	167	2.58e-81	247	160
group_103	WP_014505460.1	91.667	48	4	0	1	144	1	48	3.34e-22	87.4	160
group_104	WP_012460576.1	97.868	469	10	0	1	1407	1	469	0.0	942	160
group_105	WP_010882026.1	96.970	429	13	0	1	1287	1	429	0.0	808	160
group_106	WP_010882027.1	100.000	223	0	0	1	669	1	223	9.46e-164	459	160
group_107	WP_172841374.1	98.421	190	3	0	582	13	1	190	1.00e-123	359	160
group_108	WP_014342635.1	97.566	986	24	0	1	2958	1	986	0.0	1874	160
group_109	WP_010882045.1	96.135	207	8	0	1	621	2	208	1.12e-144	410	160
group_10	WP_010881524.1	100.000	291	0	0	1	873	5	295	1.73e-158	451	160
group_110	WP_010881722.1	99.213	254	2	0	34	795	10	263	0.0	510	160
group_111	WP_010882226.1	93.464	153	10	0	490	948	1	153	1.25e-80	249	157
group_112	WP_010882123.1	100.000	298	0	0	1	894	1	298	5.28e-173	490	160
group_113	WP_010881604.1	85.667	300	43	0	1	900	1	300	0.0	517	160
group_114	WP_010882458.1	100.000	632	0	0	1	1896	1	632	0.0	1181	160
group_115	WP_014342339.1	95.541	157	7	0	1	471	1	157	1.73e-102	298	160
group_116	WP_014342645.1	97.941	340	7	0	1	1020	1	340	0.0	639	160
group_117	WP_010882151.1	96.587	293	10	0	160	1038	16	308	0.0	569	160
group_118	WP_010882121.1	97.826	92	2	0	1	276	1	92	3.10e-49	159	157
group_119	WP_014342360.1	99.404	1006	5	1	1	3018	33	1037	0.0	1980	160
group_11	WP_012460557.1	92.135	178	14	0	52	585	24	201	3.50e-101	300	160
group_120	WP_010881519.1	92.188	128	10	0	1	384	1	128	1.79e-75	228	157
group_121	WP_014342662.1	97.704	392	9	0	1	1176	1	392	0.0	683	160
group_122	WP_012460551.1	91.797	256	21	0	1	768	18	273	2.34e-157	447	160
group_123	WP_014342526.1	90.083	242	24	0	1	726	1	242	2.05e-158	447	157
group_124	WP_013945278.1	95.257	253	10	1	1	759	1	251	3.45e-173	485	53435
group_125	WP_012460591.1	100.000	138	0	0	416	3	427	564	8.79e-76	249	160
group_126	WP_010881952.1	96.667	180	6	0	1	540	8	187	2.80e-124	355	160
group_127	WP_014505655.1	94.068	236	14	0	1	708	1	236	2.60e-149	423	160
group_128	WP_245522184.1	99.303	287	2	0	43	903	12	298	0.0	553	53435
group_129	WP_014505481.1	83.019	159	27	0	16	492	1	159	7.25e-75	229	160
group_12	WP_014342554.1	91.781	219	18	0	1	657	1	219	1.87e-102	303	160
group_130	WP_010882444.1	97.309	223	6	0	1	669	1	223	2.44e-161	452	160
group_132	WP_010881905.1	97.717	438	10	0	1	1314	1	438	0.0	774	160
group_133	WP_012460516.1	97.629	717	17	0	1	2151	24	740	0.0	1444	160
group_134	WP_010881823.1	100.000	59	0	0	62	238	1	59	2.35e-32	117	160
group_135	WP_237250221.1	94.495	109	6	0	1	327	1	109	2.67e-54	173	160
group_136	WP_014342364.1	99.342	760	5	0	73	2352	3	762	0.0	1346	160
group_137	WP_010881929.1	100.000	154	0	0	25	486	9	162	2.43e-67	210	157
group_138	WP_014342330.1	97.561	246	6	0	1	738	1	246	4.13e-161	454	160
group_139	WP_010881666.1	97.546	489	12	0	1	1467	1	489	0.0	899	160
group_13	WP_010881597.1	97.419	155	4	0	1	465	1	155	3.66e-108	313	160
group_140	WP_010881909.1	99.574	235	1	0	1	705	1	235	5.35e-173	483	160
group_141	WP_014342434.1	99.822	562	1	0	1	1686	29	590	0.0	1133	160
group_142	WP_237249910.1	100.000	180	0	0	31	570	1	180	1.91e-133	380	157
group_144	WP_010882054.1	100.000	215	0	0	1	645	55	269	4.15e-153	436	160
group_146	WP_014342517.1	96.528	144	5	0	1	432	1	144	8.26e-74	225	160
group_147	WP_014342518.1	98.363	611	10	0	1	1833	34	644	0.0	1070	160
group_148	WP_014342441.1	99.781	457	1	0	1	1371	13	469	0.0	851	160
group_149	WP_014342381.1	97.854	233	5	0	1	699	1	233	6.26e-151	427	160
group_14	WP_014342298.1	99.837	612	1	0	64	1899	8	619	0.0	1276	160
group_150	WP_010882209.1	96.419	391	14	0	1	1173	1	391	0.0	775	160
group_151	WP_013945483.1	100.000	59	0	0	1	177	1	59	3.77e-34	119	157
group_152	WP_010882192.1	95.930	344	14	0	1	1032	1	344	0.0	667	160
group_153	WP_014342488.1	97.284	405	11	0	1	1215	1	405	0.0	818	160
group_154	WP_010881879.1	98.535	273	4	0	1	819	1	273	0.0	535	160
group_155	WP_010881807.1	99.517	207	1	0	1	621	1	207	1.44e-149	422	160
group_156	WP_014342669.1	93.889	540	33	0	1	1620	1	540	0.0	904	160
group_157	WP_235214055.1	100.000	234	0	0	1	702	1	234	1.03e-173	485	160
group_158	WP_010881466.1	92.381	315	24	0	1	945	1	315	0.0	580	157
group_159	WP_237250226.1	95.050	202	9	1	70	675	1	201	6.38e-117	340	160
group_15	WP_014342289.1	97.613	377	8	1	1	1131	1	376	0.0	729	160
group_160	WP_010882106.1	100.000	170	0	0	1	510	1	170	4.38e-121	347	160
group_161	WP_014342448.1	99.251	534	1	1	1	1602	1	531	0.0	886	160
group_162	WP_014342450.1	99.522	836	4	0	40	2547	10	845	0.0	1624	160
group_163	WP_014342326.1	94.652	374	20	0	79	1200	1	374	0.0	635	160
group_164	WP_010882155.1	100.000	656	0	0	1	1968	1	656	0.0	1353	160
group_165	WP_014342629.1	94.795	365	19	0	1	1095	1	365	1.91e-180	513	160
group_166	WP_010882198.1	100.000	93	0	0	1	279	1	93	2.08e-60	189	160
group_167	WP_002695065.1	40.179	224	133	1	1	672	7	229	2.70e-62	202	162
group_168	WP_014342496.1	99.222	257	2	0	1	771	1	257	5.60e-177	498	160
group_169	WP_014342313.1	97.628	506	12	0	1	1518	1	506	0.0	1030	160
group_16	WP_010882344.1	99.787	470	1	0	1	1410	1	470	0.0	919	160
group_170	WP_014342529.1	100.000	87	0	0	1	261	11	97	4.71e-57	178	160
group_171	WP_014342614.1	95.499	1533	69	0	1	4599	1	1533	0.0	3016	160
group_172	WP_010882297.1	94.180	378	22	0	1	1134	1	378	0.0	703	157
group_173	WP_014342591.1	99.403	335	2	0	1	1005	1	335	0.0	655	160
group_174	WP_014342508.1	96.825	693	22	0	1	2079	1	693	0.0	1249	160
group_175	WP_014342667.1	99.816	544	1	0	55	1686	1	544	0.0	866	160
group_176	WP_010882406.1	99.263	407	3	0	1	1221	1	407	0.0	728	160
group_177	WP_172841373.1	97.756	401	9	0	1	1203	1	401	0.0	728	160
group_178	WP_010882072.1	91.304	391	34	0	1	1173	1	391	0.0	677	157
group_179	WP_014342601.1	99.559	227	1	0	31	711	13	239	2.46e-154	437	160
group_17	WP_010882420.1	99.782	459	1	0	97	1473	1	459	0.0	724	160
group_180	WP_014342500.1	96.401	639	23	0	1	1917	39	677	0.0	1165	160
group_181	WP_010882071.1	99.600	250	1	0	1	750	1	250	1.85e-168	473	160
group_182	WP_013945245.1	97.483	596	15	0	259	2046	1	596	0.0	1030	53435
group_183	WP_013945439.1	94.192	396	23	0	1	1188	1	396	0.0	687	53435
group_184	WP_237260093.1	98.396	374	6	0	88	1209	1	374	0.0	765	160
group_185	WP_014342473.1	96.591	616	21	0	1	1848	1	616	0.0	1172	160
group_186	WP_014342242.1	100.000	801	0	0	1	2403	3	803	0.0	1435	160
group_187	WP_013944936.1	99.528	212	1	0	1	636	1	212	1.55e-139	398	157
group_188	WP_010881898.1	97.657	683	16	0	46	2094	1	683	0.0	1323	160
group_189	WP_013945025.1	95.165	455	22	0	1	1365	1	455	0.0	813	53435
group_18	WP_237250218.1	99.803	508	1	0	259	1782	1	508	0.0	964	160
group_190	WP_010881914.1	95.113	266	13	0	1	798	25	290	0.0	517	160
group_191	WP_010882345.1	100.000	293	0	0	1	879	1	293	0.0	530	160
group_192	WP_013945158.1	94.118	136	8	0	1	408	261	396	1.44e-72	230	53435
group_193	WP_331488657.1	99.838	618	1	0	340	2193	1	618	0.0	1140	160
group_194	WP_237260094.1	99.493	592	3	0	385	2160	1	592	0.0	1063	160
group_195	WP_014342689.1	100.000	462	0	0	115	1500	1	462	0.0	825	160
group_196	WP_014342238.1	94.089	203	12	0	1	609	20	222	1.00e-111	326	160
group_197	WP_039487386.1	96.676	722	24	0	1	2166	3	724	0.0	1450	160
group_198	WP_014342567.1	95.904	293	12	0	1	879	1	293	0.0	529	160
group_199	WP_014342598.1	97.473	277	7	0	52	882	18	294	0.0	557	160
group_19	WP_014342314.1	97.964	442	9	0	1	1326	29	470	0.0	857	160
group_1	WP_010882153.1	91.228	171	15	0	1	513	1	171	3.27e-88	263	160
group_200	WP_012460594.1	95.257	253	12	0	1	759	4	256	1.75e-155	441	160
group_201	WP_010882276.1	100.000	253	0	0	1	759	4	256	0.0	513	160
group_202	WP_010882068.1	99.662	591	2	0	172	1944	3	593	0.0	1135	160
group_203	WP_010881860.1	85.149	101	15	0	1	303	1	101	3.18e-52	167	160
group_204	WP_237260108.1	95.167	269	13	0	1	807	25	293	0.0	521	160
group_205	WP_014342491.1	99.722	360	1	0	103	1182	1	360	0.0	543	160
group_206	WP_014342520.1	96.416	586	21	0	1	1758	1	586	0.0	1146	160
group_207	WP_235214131.1	79.730	74	15	0	70	291	1	74	3.00e-33	118	157
group_208	WP_237249912.1	100.000	241	0	0	1	723	5	245	9.43e-157	443	160
group_209	WP_010881679.1	97.222	216	6	0	1	648	1	216	6.25e-131	375	160
group_20	WP_013944871.1	95.853	627	26	0	1	1881	23	649	0.0	1090	53435
group_210	WP_014342501.1	100.000	219	0	0	664	1320	1	219	5.11e-160	458	160
group_211	WP_014342687.1	97.748	444	10	0	1	1332	1	444	0.0	899	160
group_212	WP_010882092.1	99.256	403	3	0	1	1209	1	403	0.0	826	160
group_213	WP_237249936.1	100.000	465	0	0	19	1413	1	465	0.0	947	160
group_214	WP_010882260.1	95.238	231	1	1	1	693	1	221	2.04e-139	397	157
group_215	WP_010882042.1	100.000	364	0	0	130	1221	7	370	0.0	685	160
group_216	WP_014342619.1	99.793	482	0	1	1	1446	19	499	0.0	832	160
group_217	WP_014342267.1	96.956	657	20	0	1	1971	1	657	0.0	1277	160
group_218	WP_010881460.1	96.667	660	22	0	1	1980	1	660	0.0	1263	160
group_219	WP_010882097.1	99.717	353	1	0	1	1059	5	357	0.0	720	157
group_21	WP_010882370.1	100.000	70	0	0	1	210	127	196	1.21e-44	149	160
group_220	WP_010881625.1	100.000	308	0	0	1	924	1	308	0.0	598	160
group_221	WP_014342655.1	96.639	357	12	0	1	1071	1	357	0.0	721	160
group_222	WP_010882378.1	95.513	312	14	0	1	936	1	312	0.0	590	160
group_223	WP_025267561.1	92.453	159	12	0	1	477	71	229	2.70e-89	268	157
group_224	WP_014342524.1	94.983	299	15	0	1	897	1	299	0.0	540	160
group_225	WP_010882246.1	99.012	810	7	1	1	2430	1	809	0.0	1566	160
group_226	WP_014342229.1	100.000	213	0	0	1	639	203	415	6.63e-156	446	160
group_227	WP_014342420.1	97.238	181	5	0	1	543	1	181	1.96e-116	335	160
group_228	WP_010881852.1	100.000	177	0	0	1	531	1	177	1.04e-117	338	160
group_229	WP_042491875.1	97.200	250	7	0	1	750	1	250	3.75e-166	468	157
group_22	WP_237249930.1	99.707	341	1	0	1	1023	1	341	0.0	661	160
group_230	WP_014342271.1	94.627	577	31	0	1	1731	1	577	0.0	1115	160
group_231	WP_010882248.1	100.000	402	0	0	355	1560	1	402	0.0	788	160
group_232	WP_012460541.1	97.659	598	14	0	1	1794	1	598	0.0	1206	160
group_233	WP_010881561.1	97.333	450	12	0	1	1350	1	450	0.0	863	160
group_234	WP_010881697.1	97.429	350	9	0	1	1050	1	350	0.0	633	160
group_235	WP_010881454.1	94.483	145	8	0	97	531	1	145	1.32e-96	284	160
group_236	WP_014342231.1	97.561	410	10	0	1	1230	1	410	0.0	824	160
group_237	WP_014342438.1	99.532	427	1	1	1	1281	1	426	0.0	688	160
group_238	WP_010881985.1	100.000	176	0	0	528	1	1	176	8.75e-126	369	160
group_239	WP_014505469.1	100.000	236	0	0	52	759	1	236	2.65e-154	438	160
group_23	WP_012460608.1	97.183	71	2	0	213	1	2	72	6.28e-44	152	160
group_240	WP_014505399.1	100.000	488	0	0	1	1464	1	488	0.0	952	160
group_241	WP_014342461.1	94.090	423	25	0	1	1269	1	423	0.0	815	160
group_242	WP_010881999.1	97.175	177	5	0	1	531	1	177	4.90e-123	352	157
group_243	WP_012460608.1	100.000	342	0	0	1	1026	4	345	0.0	681	160
group_244	WP_245522172.1	100.000	325	0	0	1	975	11	335	0.0	680	157
group_245	WP_010881533.1	100.000	61	0	0	49	231	17	77	1.46e-35	123	160
group_246	WP_014342481.1	100.000	231	0	0	1	693	17	247	1.21e-157	444	160
group_247	WP_235214115.1	87.956	274	33	0	1	822	1	274	5.50e-165	466	160
group_248	WP_010881473.1	95.763	236	10	0	1	708	1	236	9.39e-163	457	160
group_249	WP_235214062.1	100.000	472	0	0	139	1554	1	472	0.0	965	160
group_24	WP_010881567.1	97.862	421	9	0	1	1263	1	421	0.0	795	160
group_250	WP_014342306.1	94.879	371	19	0	1	1113	1	371	0.0	654	160
group_251	WP_014342691.1	95.618	251	11	0	1	753	1	251	3.11e-174	488	160
group_252	WP_010881475.1	96.471	340	12	0	1	1020	1	340	0.0	598	160
group_253	WP_014342235.1	91.383	441	38	0	1	1323	17	457	0.0	700	160
group_254	WP_014342340.1	91.026	546	49	0	1	1638	1	546	0.0	922	160
group_255	WP_039487409.1	95.724	304	13	0	46	957	13	316	0.0	601	160
group_256	WP_014342492.1	95.853	434	18	0	1	1302	1	434	0.0	851	160
group_257	WP_010881702.1	98.438	128	2	0	1	384	1	128	1.71e-84	253	157
group_258	WP_012460602.1	97.808	365	8	0	1	1095	1	365	0.0	739	160
group_259	WP_014342429.1	96.791	374	12	0	1	1122	1	374	0.0	712	160
group_25	WP_010882353.1	94.118	306	18	0	1	918	1	306	0.0	553	160
group_260	WP_014342366.1	79.229	597	108	5	79	1857	25	609	0.0	959	160
group_261	WP_014342343.1	97.321	448	12	0	1	1344	1	448	0.0	865	160
group_262	WP_014342292.1	82.984	429	50	2	1	1287	6	411	1.23e-168	492	160
group_263	WP_013944778.1	93.979	382	23	0	1	1146	12	393	0.0	729	53435
group_264	WP_167315811.1	84.906	106	12	1	157	462	384	489	3.32e-52	181	53435
group_265	WP_010881577.1	53.261	92	21	5	234	446	25	115	2.08e-07	55.5	160
group_266	WP_010881816.1	100.000	111	0	0	1	333	1	111	2.19e-57	181	160
group_268	WP_010881694.1	97.487	597	15	0	160	1950	1	597	0.0	1138	160
group_269	WP_014342544.1	97.156	211	6	0	1	633	1	211	2.52e-133	381	160
group_26	WP_010881538.1	98.529	408	6	0	1	1224	1	408	0.0	795	160
group_270	WP_013945579.1	100.000	61	0	0	58	240	35	95	6.43e-36	125	157
group_272	WP_014342668.1	98.273	521	3	1	34	1596	1	515	0.0	946	160
group_273	WP_010881471.1	97.922	722	15	0	1	2166	1	722	0.0	1427	160
group_274	WP_013945085.1	84.328	804	81	3	1	2412	1	759	0.0	936	53435
group_275	WP_049774996.1	96.178	157	6	0	208	678	19	175	2.27e-95	284	53435
group_276	WP_014342618.1	90.976	410	34	3	1920	697	1	409	0.0	639	160
group_278	WP_237249926.1	99.519	208	1	0	229	852	1	208	7.44e-151	428	160
group_279	WP_014342229.1	99.758	414	1	0	187	1428	2	415	0.0	850	160
group_27	WP_010882145.1	100.000	124	0	0	1	372	1	124	2.32e-83	250	157
group_280	WP_014342282.1	100.000	115	0	0	328	672	23	137	2.64e-76	234	160
group_281	WP_010882476.1	97.222	144	4	0	1	432	1	144	3.74e-90	266	157
group_282	WP_010881888.1	96.345	383	14	0	1	1149	1	383	0.0	698	160
group_283	WP_013944778.1	95.491	377	17	0	343	1473	17	393	0.0	741	53435
group_285	WP_172841376.1	88.559	236	26	1	88	795	1	235	1.55e-142	407	160
group_286	WP_014342367.1	97.337	751	20	0	1	2253	1	751	0.0	1252	160
group_287	WP_172841369.1	98.425	127	2	0	208	588	1	127	3.77e-86	258	160
group_288	WP_235214031.1	96.522	115	4	0	46	390	1	115	7.01e-59	186	160
group_289	WP_014342578.1	93.137	102	7	0	1	306	13	114	1.02e-58	192	160
group_28	WP_013945194.1	96.203	237	9	0	1	711	1	237	2.27e-156	441	53435
group_290	WP_013945076.1	97.067	341	10	0	1	1023	1	341	0.0	665	53435
group_291	WP_245522161.1	95.833	120	5	0	16	375	1	120	1.62e-54	176	53435
group_292	WP_010881668.1	92.593	108	8	0	1	324	1	108	2.32e-66	203	160
group_293	WP_014342571.1	97.107	553	16	0	1	1659	41	593	0.0	1024	160
group_294	WP_010881595.1	97.906	191	4	0	1	573	2	192	2.25e-131	374	157
group_295	WP_014342545.1	98.876	178	2	0	1	534	1	178	1.19e-92	277	160
group_296	WP_010881513.1	97.917	144	3	0	1	432	48	191	2.43e-97	286	157
group_297	WP_237249931.1	100.000	144	0	0	43	474	1	144	3.22e-100	292	160
group_298	WP_010881497.1	100.000	142	0	0	1	426	1	142	7.90e-75	228	157
group_299	WP_010881787.1	99.696	329	1	0	1	987	1	329	0.0	654	160
group_29	WP_012460531.1	94.915	236	12	0	1	708	1	236	1.48e-153	434	160
group_2	WP_010881879.1	100.000	273	0	0	457	1275	1	273	0.0	546	160
group_300	WP_013945438.1	98.876	89	1	0	267	1	1	89	8.08e-38	142	53435
group_301	WP_010882384.1	94.767	172	9	0	1	516	1	172	3.72e-114	329	157
group_302	WP_014342603.1	99.270	274	2	0	121	942	1	274	0.0	558	160
group_303	WP_010881586.1	100.000	226	0	0	1	678	20	245	2.63e-133	384	160
group_304	WP_010881537.1	94.608	204	11	0	1	612	1	204	1.04e-128	369	160
group_305	WP_014342606.1	98.851	522	6	0	19	1584	3	524	0.0	919	160
group_306	WP_010882391.1	100.000	61	0	0	183	1	1	61	6.88e-34	124	160
group_307	WP_014342438.1	100.000	104	0	0	496	185	1	104	2.05e-68	165	160
group_308	WP_010881903.1	100.000	209	0	0	1	627	2	210	4.10e-153	433	160
group_309	WP_010881902.1	99.652	287	1	0	1	861	1	287	0.0	593	160
group_30	WP_010882124.1	100.000	100	0	0	1	300	1	100	2.47e-62	194	157
group_310	WP_014342237.1	97.826	92	2	0	1	276	1	92	2.48e-55	174	160
group_311	WP_010881978.1	95.673	208	9	0	1	624	1	208	7.46e-138	392	160
group_312	WP_013945170.1	97.959	98	2	0	1	294	1	98	2.20e-45	149	157
group_315	WP_010882473.1	92.105	228	18	0	1	684	1	228	2.50e-125	362	160
group_316	WP_010881521.1	100.000	90	0	0	1	270	1	90	1.01e-60	187	157
group_317	WP_010882010.1	94.815	135	7	0	1	405	3	137	3.89e-80	240	160
group_318	WP_014342352.1	93.907	279	17	0	46	882	1	279	3.74e-179	503	160
group_319	WP_175607978.1	98.214	56	1	0	68	235	1	56	5.80e-31	122	160
group_31	WP_010882447.1	98.841	345	4	0	1	1035	1	345	0.0	617	160
group_320	WP_012460529.1	98.343	181	3	0	1	543	1	181	8.05e-126	359	160
group_321	WP_010882436.1	92.632	95	7	0	79	363	1	95	1.95e-54	173	157
group_322	WP_144011660.1	77.366	243	46	3	1	729	1	234	1.17e-124	361	53435
group_323	WP_014342396.1	97.343	941	25	0	1	2823	1	941	0.0	1726	160
group_324	WP_010881470.1	100.000	88	0	0	1	264	1	88	1.36e-56	178	160
group_325	WP_010882152.1	97.484	159	4	0	1	477	1	159	1.10e-91	271	160
group_326	WP_172841380.1	96.035	807	32	0	1	2421	3	809	0.0	1485	160
group_327	WP_013945005.1	98.551	69	1	0	207	1	1	69	3.74e-40	149	53435
group_328	WP_014342364.1	100.000	88	0	0	1	264	675	762	7.82e-53	184	160
group_329	WP_010882370.1	100.000	57	0	0	270	100	140	196	1.88e-33	122	160
group_32	WP_014342690.1	93.443	366	24	0	1	1098	28	393	0.0	694	160
group_330	WP_010882317.1	100.000	39	0	0	132	248	9	47	3.82e-20	85.1	157
group_331	WP_010881776.1	100.000	57	0	0	171	1	278	334	4.69e-31	121	160
group_332	WP_014505399.1	100.000	108	0	0	98	421	1	108	1.43e-68	223	160
group_333	WP_014342317.1	100.000	155	0	0	467	3	109	263	3.34e-89	273	160
group_334	WP_172841375.1	94.083	169	10	0	3	509	67	235	3.95e-71	224	160
group_335	WP_010881751.1	94.086	186	11	0	92	649	1	186	1.22e-70	226	160
group_336	WP_010881776.1	94.853	272	14	0	1	816	629	900	2.36e-175	515	160
group_337	WP_013945165.1	100.000	130	0	0	390	1	1	130	5.58e-84	267	53435
group_338	WP_013945527.1	100.000	33	0	0	410	312	480	512	2.71e-10	66.2	53435
group_339	WP_013944949.1	100.000	74	0	0	2	223	176	249	3.99e-46	155	53435
group_33	WP_014342565.1	99.744	390	1	0	10	1179	7	396	0.0	757	160
group_340	WP_237249910.1	100.000	74	0	0	222	1	1	74	1.12e-47	158	157
group_341	WP_010882407.1	100.000	240	0	0	720	1	1	240	2.17e-159	456	160
group_342	WP_010882005.1	100.000	53	0	0	159	1	1	53	6.65e-19	85.9	160
group_343	WP_010881771.1	100.000	38	0	0	11	124	1	38	2.97e-15	75.1	160
group_344	WP_013945018.1	100.000	124	0	0	372	1	1	124	1.83e-82	250	157
group_345	WP_010881897.1	100.000	51	0	0	25	177	146	196	2.65e-26	102	160
group_346	WP_013945226.1	100.000	23	0	0	114	46	17	39	5.60e-07	53.9	53435
group_347	WP_010882078.1	100.000	49	0	0	147	1	1	49	2.62e-25	104	157
group_348	WP_010882268.1	100.000	70	0	0	210	1	255	324	4.42e-40	148	160
group_349	WP_010881776.1	94.118	85	5	0	255	1	181	265	3.83e-46	166	160
group_34	WP_014342578.1	99.735	377	1	0	1	1131	1	377	0.0	773	160
group_351	WP_013944852.1	94.872	39	2	0	119	235	1	39	7.94e-15	76.6	53435
group_352	WP_014342703.1	99.320	147	1	0	441	1	1	147	2.14e-96	308	160
group_353	WP_010881776.1	100.000	85	0	0	255	1	513	597	1.90e-49	175	160
group_354	WP_010881607.1	100.000	177	0	0	531	1	1	177	4.41e-113	343	160
group_355	WP_024752546.1	46.491	114	61	0	342	1	134	247	7.14e-29	115	162
group_356	WP_010882048.1	90.441	136	13	0	410	3	6	141	1.04e-50	172	157
group_357	WP_010882268.1	100.000	91	0	0	273	1	1	91	7.24e-54	189	160
group_358	WP_010881934.1	100.000	90	0	0	270	1	1	90	6.35e-24	104	160
group_359	WP_014342683.1	93.421	76	5	0	230	3	1	76	9.22e-18	89.0	160
group_35	WP_014342494.1	100.000	192	0	0	578	3	1	192	1.08e-114	351	160
group_360	WP_014342448.1	97.838	185	4	0	555	1	1	185	1.63e-128	380	160
group_361	WP_013945451.1	99.048	105	1	0	315	1	1	105	3.99e-63	215	53435
group_362	WP_014342646.1	100.000	401	0	0	1	1203	128	528	0.0	730	160
group_363	WP_013945319.1	96.907	194	6	0	614	33	1	194	6.41e-128	374	157
group_364	WP_237260077.1	100.000	117	0	0	351	1	1	117	2.26e-62	208	160
group_365	WP_010882353.1	98.182	110	2	0	330	1	1	110	5.61e-70	220	160
group_366	WP_014342292.1	99.225	129	1	0	436	50	342	470	5.28e-63	208	160
group_367	WP_014342368.1	98.214	112	2	0	338	3	1	112	2.75e-72	230	160
group_368	WP_014342287.1	97.368	76	2	0	321	94	521	596	3.70e-45	162	160
group_36	WP_014342646.1	100.000	528	0	0	1	1584	1	528	0.0	992	160
group_37	WP_014342578.1	100.000	119	0	0	1	357	115	233	7.46e-80	242	160
group_38	WP_010881638.1	100.000	36	0	0	1	108	56	91	2.40e-16	74.7	157
group_39	WP_010882122.1	97.525	202	5	0	1	606	1	202	2.62e-125	360	160
group_3	WP_010881605.1	85.068	221	33	0	1	663	8	228	1.66e-119	347	160
group_40	WP_013944977.1	100.000	45	0	0	56	190	1	45	2.10e-20	90.5	53435
group_41	WP_010881662.1	100.000	65	0	0	1	195	1	65	2.18e-26	99.8	157
group_42	WP_010881605.1	91.489	47	4	0	178	38	182	228	1.69e-20	88.6	160
group_43	WP_014342262.1	100.000	660	0	0	28	2007	1	660	0.0	1365	160
group_44	WP_237249911.1	92.025	163	13	0	196	684	1	163	9.76e-107	312	160
group_45	WP_010882229.1	95.477	199	9	0	1	597	1	199	4.01e-130	372	157
group_46	WP_235214032.1	97.683	259	6	0	112	888	1	259	0.0	521	160
group_48	WP_014505457.1	99.663	297	1	0	70	960	1	297	1.66e-172	492	160
group_49	WP_010881871.1	100.000	234	0	0	1	702	1	234	1.03e-166	470	160
group_4	WP_014342646.1	100.000	778	0	0	52	2385	1	778	0.0	1447	160
group_50	WP_172841372.1	97.285	847	23	0	1	2541	10	856	0.0	1654	160
group_51	WP_010881909.1	96.983	232	7	0	904	1599	4	235	3.57e-160	463	160
group_52	WP_010882217.1	100.000	259	0	0	1	777	15	273	5.94e-172	484	157
group_53	WP_235214103.1	92.208	154	12	0	1	462	1	154	8.63e-84	251	160
group_54	WP_014342623.1	96.484	455	15	1	79	1440	27	481	0.0	841	160
group_55	WP_010882138.1	97.955	440	9	0	1	1320	1	440	0.0	827	160
group_56	WP_010882387.1	99.744	390	1	0	67	1236	1	390	0.0	803	160
group_57	WP_016484223.1	95.779	687	29	0	85	2145	1	687	0.0	1309	160
group_58	WP_014342348.1	95.631	206	9	0	1	618	12	217	4.87e-136	388	160
group_59	WP_014342300.1	94.924	197	10	0	1	591	1	197	2.75e-107	314	160
group_5	WP_014342495.1	100.000	582	0	0	1	1746	26	607	0.0	993	160
group_60	WP_013945537.1	74.419	43	11	0	129	1	1	43	7.26e-12	65.9	53435
group_61	WP_024752546.1	41.228	114	67	0	124	465	134	247	2.76e-20	93.6	162
group_63	WP_010881786.1	95.062	162	8	0	1	486	1	162	4.04e-104	303	160
group_64	WP_014342683.1	100.000	223	0	0	90	758	1	223	3.11e-126	390	160
group_65	WP_010882385.1	100.000	154	0	0	1	462	1	154	5.91e-92	271	157
group_66	WP_010882382.1	95.050	202	10	0	606	1	1	202	9.77e-125	388	160
group_68	WP_010882279.1	96.788	934	30	0	1	2802	1	934	0.0	1802	160
group_69	WP_012460591.1	98.523	880	13	0	1	2640	6	885	0.0	1593	160
group_6	WP_010882318.1	99.259	135	1	0	316	720	1	135	5.39e-91	272	157
group_70	WP_014342615.1	96.983	1127	34	0	1	3381	1	1127	0.0	1913	160
group_71	WP_014342264.1	100.000	187	0	0	1	561	1	187	6.53e-111	322	160
group_72	WP_010882357.1	94.531	128	7	0	1	384	1	128	1.82e-73	223	157
group_73	WP_014342255.1	91.150	113	10	0	148	486	1	113	1.36e-55	181	160
group_74	WP_014342432.1	96.552	116	4	0	1	348	1	116	1.30e-76	229	160
group_75	WP_014342433.1	97.531	324	8	0	1	972	1	324	0.0	608	160
group_76	WP_235214036.1	98.611	288	4	0	88	951	1	288	0.0	556	160
group_77	WP_010882187.1	100.000	89	0	0	185	451	15	103	1.13e-40	148	160
group_78	WP_010881575.1	100.000	291	0	0	487	1359	1	291	0.0	569	160
group_79	WP_010882472.1	97.612	670	16	0	46	2055	1	670	0.0	1290	160
group_7	WP_010882283.1	100.000	335	0	0	1	1005	1	335	0.0	692	160
group_80	WP_013945202.1	96.104	77	3	0	231	1	1	77	3.95e-41	151	53435
group_81	WP_014342487.1	96.608	678	23	0	1	2034	1	678	0.0	1198	160
group_82	WP_235214048.1	100.000	567	0	0	1	1701	1	567	0.0	1147	160
group_83	WP_010881939.1	79.032	62	13	0	1	186	1	62	1.32e-15	72.0	157
group_84	WP_013945021.1	76.786	56	13	0	1	168	3	58	4.34e-21	85.5	157
group_85	WP_014505473.1	100.000	526	0	0	1	1578	1	526	0.0	1055	160
group_86	WP_175607978.1	99.194	496	4	0	160	1647	31	526	0.0	847	160
group_87	WP_014342256.1	99.220	513	4	0	1	1539	1	513	0.0	1013	160
group_88	WP_235214060.1	96.334	682	25	0	61	2106	14	695	0.0	1253	160
group_89	WP_235214007.1	95.307	277	13	0	37	867	1	277	0.0	526	160
group_8	WP_010881982.1	85.714	70	10	0	73	282	1	70	2.00e-32	115	160
group_90	WP_010882155.1	100.000	333	0	0	1	999	324	656	0.0	672	160
group_91	WP_010882195.1	95.516	223	10	0	1	669	1	223	3.98e-156	439	160
group_92	WP_237260056.1	99.730	371	1	0	28	1140	1	371	0.0	652	160
group_93	WP_014342565.1	99.747	396	1	0	898	2085	1	396	0.0	774	160
group_94	WP_010881915.1	95.630	389	17	0	1	1167	1	389	0.0	731	160
group_95	WP_010881630.1	98.551	276	4	0	22	849	1	276	0.0	553	160
group_96	WP_010881606.1	95.906	342	14	0	1	1026	1	342	0.0	638	157
group_97	WP_010882316.1	96.000	200	8	0	1	600	1	200	1.10e-125	360	160
group_98	WP_014342477.1	90.411	438	36	2	1	1314	1	432	0.0	744	160
group_99	WP_014342241.1	100.000	59	0	0	250	426	1	59	7.80e-36	126	160
group_9	WP_010882238.1	100.000	537	0	0	1	1611	1	537	0.0	1017	160
grpE	WP_010881663.1	93.636	220	14	0	22	681	1	220	7.22e-131	375	160
gyrA	WP_014342227.1	95.449	813	37	0	1	2439	1	813	0.0	1570	160
gyrB	WP_010882450.1	97.331	637	17	0	1	1911	1	637	0.0	1156	160
hDGYP	WP_014342640.1	94.952	416	21	0	1	1248	1	416	0.0	749	160
hEAT	WP_014505642.1	96.218	476	18	0	1	1428	8	483	0.0	898	160
hemN	WP_014342317.1	100.000	396	0	0	754	1941	10	405	0.0	746	160
hflC	WP_010881563.1	97.885	331	7	0	1	993	1	331	0.0	568	157
hflK	WP_013944820.1	97.561	328	8	0	1	984	1	328	0.0	576	157
hisJ	WP_244857657.1	98.155	271	5	0	1	813	36	306	2.17e-153	441	160
hisS	WP_010882086.1	98.869	442	5	0	76	1401	1	442	0.0	898	160
hlpA	WP_010881775.1	97.674	172	4	0	1	516	1	172	1.98e-116	335	160
holA	WP_014342499.1	97.941	340	7	0	1	1020	1	340	0.0	690	160
hprK	WP_013945224.1	98.466	326	5	0	55	1032	4	329	0.0	619	157
hpt1	WP_010881499.1	96.040	202	8	0	1	606	1	202	3.46e-141	400	160
hrpA	WP_010881974.1	97.754	668	15	0	1	2004	1	668	0.0	1247	160
htpG	WP_014342677.1	97.809	639	14	0	1	1917	1	639	0.0	1283	160
hup	WP_010881700.1	99.048	105	1	0	13	327	1	105	1.28e-52	168	160
hxk	WP_010881954.1	95.622	434	19	0	1	1302	1	434	0.0	754	160
ileS	WP_014342431.1	99.908	1091	1	0	190	3462	1	1091	0.0	2182	160
infA	WP_010881546.1	88.889	72	8	0	1	216	1	72	5.61e-38	129	157
infB	WP_010882334.1	99.519	831	4	0	202	2694	12	842	0.0	1586	160
infC	WP_010882294.1	81.503	173	32	0	1	519	7	179	6.15e-95	281	160
ispA	WP_010882128.1	97.527	364	9	0	40	1131	1	364	0.0	720	157
ispE	WP_014342400.1	88.489	278	32	0	1	834	14	291	3.50e-152	434	160
ispF~~~ispDF	WP_014342459.1	94.940	415	21	0	1	1245	1	415	0.0	766	160
ispG	WP_172841382.1	97.794	408	5	1	46	1269	1	404	0.0	768	160
ispH	WP_014342475.1	99.468	376	2	0	1	1128	1	376	0.0	574	160
jag	WP_010882391.1	100.000	231	0	0	1	693	1	231	2.52e-168	471	160
khpA	WP_010882349.1	100.000	80	0	0	1	240	1	80	1.00e-34	121	157
labA	WP_010882337.1	97.059	340	10	0	1	1020	1	340	0.0	649	160
lapB~~~upp	WP_010881896.1	95.278	360	17	0	1	1080	1	360	0.0	707	160
lapB	WP_014342401.1	99.478	767	4	0	1	2301	20	786	0.0	1453	160
ldcA	WP_010882134.1	100.000	458	0	0	1	1374	1	458	0.0	937	160
ldcB	WP_014342328.1	99.194	248	2	0	1	744	1	248	4.84e-160	453	160
ldhD	WP_010881486.1	95.770	331	14	0	1	993	1	331	0.0	657	160
lemA	WP_010882018.1	93.627	204	13	0	1	612	18	221	1.96e-130	374	160
lepA	WP_014342457.1	97.508	602	15	0	1	1806	4	605	0.0	1134	160
lepB	WP_254867767.1	99.805	512	1	0	298	1833	1	512	0.0	1055	160
leuS	WP_013945222.1	96.583	878	30	0	1	2634	1	878	0.0	1697	53435
lgt	WP_014342613.1	87.651	332	41	0	1	996	1	332	0.0	553	160
licC	WP_080566296.1	98.490	596	9	0	1	1788	1	596	0.0	1231	160
ligA	WP_010882080.1	95.615	821	36	0	1	2463	1	821	0.0	1588	160
lldD	WP_010881740.1	100.000	293	0	0	1	879	1	293	0.0	569	157
lnt	WP_014342416.1	100.000	556	0	0	1	1668	1	556	0.0	1083	160
lolA	WP_010881781.1	92.609	230	17	0	1	690	1	230	1.35e-151	429	160
lolD	WP_010882408.1	96.170	235	9	0	1	705	1	235	2.82e-161	453	157
lolE	WP_010882028.1	95.758	495	21	0	1	1485	1	495	0.0	895	160
lonB	WP_014342232.1	97.183	852	24	0	1	2556	6	857	0.0	1529	160
lon	WP_010881972.1	97.616	881	21	0	1	2643	1	881	0.0	1739	160
lptB	WP_010882231.1	94.937	237	12	0	136	846	1	237	1.63e-162	459	160
lptD	WP_014342460.1	95.459	991	45	0	1	2973	1	991	0.0	1879	160
lptF	WP_013945460.1	97.581	372	9	0	1	1116	1	372	0.0	744	157
lspA	WP_012460612.1	92.473	186	14	0	1	558	12	197	2.61e-110	321	160
lysS	WP_010882089.1	97.538	528	13	0	1	1584	1	528	0.0	1069	160
manB	WP_010881861.1	97.900	619	13	0	40	1896	14	632	0.0	1233	160
map	WP_010882286.1	100.000	255	0	0	124	888	1	255	3.27e-164	464	160
marC	WP_014342681.1	95.477	199	9	0	1	597	1	199	1.66e-111	325	160
mcr1	WP_014342556.1	99.628	269	1	0	1	807	1	269	0.0	518	160
menE	WP_075743341.1	97.306	297	8	0	1	891	17	313	0.0	560	160
metG	WP_010882243.1	100.000	811	0	0	1	2433	1	811	0.0	1648	160
metK	WP_010882239.1	100.000	390	0	0	1	1170	1	390	0.0	771	157
metP	WP_010881568.1	88.350	206	24	0	1	618	1	206	1.40e-79	245	157
mfd	WP_014342378.1	93.421	1140	75	0	25	3444	1	1140	0.0	2128	160
mglA	WP_014342539.1	99.798	495	1	0	1	1485	1	495	0.0	1003	160
mglB	WP_014342538.1	99.746	394	1	0	1	1182	1	394	0.0	779	160
mglC	WP_010882131.1	95.480	531	24	0	1	1593	1	531	0.0	949	160
mgtE	WP_013945485.1	97.327	449	12	0	1	1347	1	449	0.0	890	157
miaA	WP_010882082.1	96.805	313	10	0	1	939	1	313	0.0	618	160
miaB	WP_010882199.1	100.000	445	0	0	1	1335	12	456	0.0	920	160
mltE	WP_014342243.1	99.407	674	4	0	40	2061	37	710	0.0	1367	160
mltG	WP_237249935.1	97.333	300	8	0	154	1053	1	300	0.0	598	160
mMP0363	WP_245522162.1	98.453	1099	17	0	133	3429	9	1107	0.0	2164	53435
mMPL	WP_012460591.1	94.695	886	47	0	109	2766	3	888	0.0	1535	160
mnmE	WP_014342480.1	99.595	494	2	0	1096	2577	2	495	0.0	956	160
mnmG	WP_010881493.1	97.923	626	13	0	1	1878	1	626	0.0	1118	160
mntB~~~troB	WP_013944862.1	86.364	264	36	0	1	792	1	264	1.66e-133	387	157
motA	WP_010882170.1	96.525	259	9	0	1	777	1	259	3.16e-156	442	157
motB	WP_010882169.1	88.235	238	28	0	1	714	1	238	5.92e-149	422	160
motE~~~flbB	WP_013945205.1	100.000	195	0	0	22	606	1	195	6.32e-115	336	157
mpfA	WP_010882094.1	92.075	265	21	0	1	795	1	265	1.16e-173	487	157
mraY	WP_010881793.1	100.000	346	0	0	4	1041	1	346	0.0	612	160
mraZ	WP_013945042.1	96.644	149	5	0	1	447	1	149	4.74e-99	289	157
mrcA	WP_010882150.1	97.200	857	24	0	82	2652	28	884	0.0	1681	160
mrdA	WP_010881949.1	96.154	624	24	0	1	1872	1	624	0.0	1194	160
mreB	WP_010881946.1	94.186	344	20	0	1	1032	1	344	0.0	606	160
mreC	WP_010881947.1	100.000	285	0	0	31	885	3	287	0.0	531	160
mreD~~~mrdA	WP_010881949.1	99.839	621	1	0	517	2379	4	624	0.0	1246	160
mscS	WP_245522109.1	95.017	301	15	0	1	903	13	313	6.23e-172	486	53435
msrAB	WP_014342515.1	97.595	291	7	0	1	873	1	291	0.0	566	160
mtaB	WP_014342349.1	99.161	477	4	0	619	2049	6	482	0.0	863	160
mtnN	WP_010881617.1	96.654	269	9	0	1	807	1	269	5.28e-172	483	160
murA	WP_039487502.1	96.698	424	14	0	88	1359	1	424	0.0	829	160
murB	WP_014342265.1	95.198	354	17	0	1	1062	1	354	0.0	570	160
murC	WP_014342377.1	97.297	481	13	0	1	1443	1	481	0.0	958	160
murD	WP_014342636.1	98.464	521	8	0	1	1563	1	521	0.0	870	160
murE	WP_010882376.1	100.000	520	0	0	1	1560	1	520	0.0	1048	160
murF	WP_010881834.1	97.241	435	12	0	1	1305	1	435	0.0	835	160
murG	WP_010881971.1	100.000	383	0	0	1	1149	1	383	0.0	738	160
murI	WP_235214098.1	95.385	325	15	0	1	975	1	325	0.0	609	160
murJ	WP_010881965.1	100.000	492	0	0	79	1554	27	518	0.0	930	160
mut7C	WP_010882222.1	100.000	74	0	0	1	222	1	74	2.43e-49	157	157
mutL	WP_014342360.1	99.795	975	2	0	1	2925	64	1038	0.0	1930	160
mutS	WP_010881776.1	97.778	900	20	0	1	2700	1	900	0.0	1786	160
mutY	WP_010881791.1	96.029	277	11	0	1	831	1	277	0.0	549	160
nadD	WP_010882186.1	94.118	204	12	0	1	612	1	204	6.78e-137	389	160
nadE	WP_014342576.1	97.478	674	17	0	1	2022	6	679	0.0	1187	160
nadK	WP_014342426.1	99.668	301	1	0	1	903	5	305	0.0	557	160
nadN	WP_010881553.1	97.470	593	15	0	154	1932	1	593	0.0	1142	160
narQ	WP_010881934.1	95.928	614	25	0	1	1842	1	614	0.0	1156	160
natA	WP_014505641.1	98.925	279	3	0	1	837	1	279	0.0	566	160
ndk	WP_010882454.1	97.315	149	4	0	1	447	1	149	2.05e-102	298	160
nIF3	WP_010882421.1	100.000	286	0	0	1	858	1	286	0.0	587	160
nifJ	WP_010882382.1	97.720	1184	27	0	1	3552	1	1184	0.0	2403	160
nifS	WP_010882307.1	97.190	427	12	0	1	1281	1	427	0.0	829	160
nlpD~~~lysM	WP_014342622.1	99.613	517	2	0	1	1551	30	546	0.0	810	160
nlpD	WP_014342546.1	97.073	410	12	0	1	1230	1	410	0.0	804	160
norV	WP_010882435.1	78.846	52	11	0	1	156	1	52	8.30e-22	86.7	157
nox	WP_010882364.1	96.629	445	15	0	1	1335	1	445	0.0	882	160
nrdA	WP_010882452.1	97.041	845	25	0	1	2535	1	845	0.0	1643	160
nrdB	WP_013944767.1	98.847	347	4	0	1	1041	1	347	0.0	717	157
nrfG	WP_010881544.1	96.914	648	20	0	1	1944	1	648	0.0	1166	160
nrnA	WP_013945087.1	99.396	331	2	0	58	1050	20	350	0.0	659	53435
nth	WP_010882220.1	98.030	203	4	0	1	609	1	203	2.25e-143	407	160
ntpC	WP_010881981.1	97.376	343	7	1	1	1029	1	341	0.0	670	160
ntpE~~~atpE	WP_013945078.1	100.000	125	0	0	139	513	73	197	6.65e-82	251	53435
ntpF	WP_014342462.1	99.048	105	1	0	22	336	1	105	3.63e-69	210	160
ntpI~~~atpI2	WP_014342463.1	99.465	561	3	0	1	1683	1	561	0.0	1009	160
nupO	WP_014342369.1	99.062	533	5	0	232	1830	1	533	0.0	1058	160
nupP	WP_235214119.1	99.713	348	1	0	157	1200	1	348	0.0	569	160
nupQ	WP_010881771.1	96.519	316	11	0	1	948	1	316	0.0	601	160
nusA	WP_010882335.1	97.684	475	11	0	1	1425	1	475	0.0	858	160
nusB	WP_010882459.1	94.326	141	8	0	1	423	1	141	3.08e-91	269	157
nusG	WP_010881684.1	96.757	185	6	0	1	555	1	185	1.84e-107	313	157
oadA	WP_014342249.1	99.831	593	1	0	1	1779	1	593	0.0	1168	160
oadB	WP_010881506.1	97.868	469	10	0	1	1407	1	469	0.0	723	160
oadG	WP_010881504.1	100.000	50	0	0	1	150	1	50	4.86e-27	102	160
ompA	WP_010882070.1	97.899	476	10	0	1	1428	1	476	0.0	931	160
oppA	WP_014342497.1	96.892	547	17	0	1	1641	1	547	0.0	1006	160
parA	WP_010881721.1	100.000	250	0	0	1	750	1	250	0.0	508	160
parB	WP_010881720.1	100.000	324	0	0	1	972	1	324	0.0	632	160
pASTA	WP_010881756.1	97.368	342	9	0	1	1026	1	342	0.0	573	160
pckG	WP_010881571.1	96.440	618	22	0	1	1854	1	618	0.0	1232	160
pcnB	WP_013944944.1	96.850	508	16	0	1	1524	1	508	0.0	924	53435
pepF	WP_010882470.1	99.830	589	1	0	1	1767	1	589	0.0	1219	160
pepP	WP_014342490.1	97.453	746	19	0	1	2238	29	774	0.0	1408	160
perM	WP_010882000.1	96.526	403	14	0	1	1209	1	403	0.0	681	157
pfkA	WP_010881557.1	97.397	461	12	0	1	1383	1	461	0.0	837	160
pfoR	WP_237260071.1	96.460	339	12	0	34	1050	1	339	0.0	515	160
pfp	WP_014342471.1	94.939	573	29	0	1	1719	1	573	0.0	1117	160
pgi	WP_014342442.1	95.888	535	22	0	1	1605	1	535	0.0	1018	160
pgk	WP_010881985.1	96.651	418	14	0	1	1254	2	419	0.0	816	160
pgl	WP_014342443.1	99.528	212	1	0	1	636	1	212	2.53e-156	441	160
pgpB	WP_010881998.1	97.514	362	9	0	1	1086	1	362	0.0	661	160
pgpH	WP_237249907.1	96.074	815	32	0	118	2562	1	815	0.0	1427	160
pgsA	WP_010881705.1	94.907	216	11	0	1	648	1	216	6.11e-131	375	160
pheS	WP_010882417.1	96.926	553	17	0	1	1659	1	553	0.0	1076	160
pheT	WP_010881464.1	96.689	604	20	0	1	1812	1	604	0.0	1191	160
phnP	WP_010881938.1	99.689	322	1	0	61	1026	1	322	0.0	673	160
pilZ	WP_237260074.1	99.667	300	1	0	43	942	3	302	0.0	603	160
plsC	WP_014342391.1	94.757	267	14	0	1	801	1	267	0.0	520	160
pncA	WP_014342543.1	99.625	267	1	0	34	834	12	278	0.0	548	160
pncB	WP_010882074.1	96.957	493	15	0	1	1479	1	493	0.0	902	160
pnp	WP_010882329.1	97.863	702	15	0	1	2106	1	702	0.0	1355	160
polA	WP_014342269.1	97.793	997	22	0	55	3045	1	997	0.0	1985	160
potA	WP_010881590.1	100.000	220	0	0	1	660	1	220	2.78e-161	452	160
potD	WP_010882100.1	99.110	337	3	0	1	1011	1	337	0.0	639	160
ppdK	WP_014342562.1	97.627	885	21	0	1	2655	1	885	0.0	1565	160
ppiB	WP_039487460.1	96.744	215	7	0	1	645	1	215	6.68e-133	380	160
ppiC	WP_010882372.1	99.219	256	2	0	700	1467	1	256	0.0	523	160
prfA	WP_012460512.1	97.151	351	10	0	1	1053	1	351	0.0	696	160
prfB	WP_099156385.1	96.591	352	12	0	49	1104	22	373	0.0	582	160
priA	WP_012460528.1	100.000	657	0	0	1	1971	1	657	0.0	1305	160
prmC	WP_014342246.1	97.612	335	8	0	31	1035	1	335	0.0	598	160
proA	WP_014342384.1	97.897	428	9	0	1	1284	1	428	0.0	786	160
proB	WP_014342385.1	99.291	282	2	0	1	846	13	294	0.0	541	160
proC	WP_010882242.1	95.437	263	12	0	1	789	1	263	1.18e-177	497	160
proS	WP_010881607.1	97.851	605	13	0	7	1821	1	605	0.0	1140	160
prsA	WP_010881743.1	91.686	421	35	0	1	1263	1	421	0.0	792	157
pta	WP_010881543.1	100.000	336	0	0	1	1008	1	336	0.0	687	160
pth	WP_010882455.1	97.030	202	6	0	1	606	1	202	1.59e-131	375	160
ptsA	WP_014342494.1	97.778	675	15	0	1	2025	1	675	0.0	1244	160
ptsH	WP_010882035.1	91.765	85	7	0	1	255	1	85	2.66e-47	154	157
ptsN	WP_010881534.1	93.243	148	10	0	1	444	1	148	2.94e-80	241	160
pyrG	WP_010881754.1	100.000	577	0	0	226	1956	1	577	0.0	1031	160
pyrH	WP_010881548.1	97.610	251	6	0	1	753	1	251	6.23e-179	499	160
radA	WP_014342696.1	99.548	442	2	0	1	1326	1	442	0.0	898	160
rbfA	WP_010882333.1	94.444	126	7	0	1	378	1	126	1.37e-79	238	157
rbsB	WP_014342473.1	97.917	624	13	0	1090	2961	1	624	0.0	1206	160
rcnA	WP_010882005.1	92.053	302	24	0	1	906	1	302	4.16e-164	466	160
rdgB	WP_013945089.1	96.875	256	8	0	1	768	1	256	2.40e-167	472	53435
recA	WP_014342541.1	97.297	407	11	0	1	1221	1	407	0.0	744	160
recB	WP_014342634.1	99.435	1240	6	1	1	3720	1	1239	0.0	2297	160
recF	WP_014342226.1	100.000	357	0	0	1	1071	21	377	0.0	706	160
recG	WP_010882132.1	96.793	686	22	0	1	2058	1	686	0.0	1330	160
recJ	WP_010882149.1	97.592	706	17	0	175	2292	1	706	0.0	1402	160
recN	WP_010881890.1	100.000	571	0	0	1	1713	1	571	0.0	993	160
recO	WP_010882081.1	100.000	252	0	0	1	756	3	254	0.0	513	160
recQ	WP_014342268.1	99.844	643	1	0	1	1929	1	643	0.0	1288	160
recR	WP_010882448.1	100.000	201	0	0	1	603	1	201	2.60e-141	400	160
recX	WP_010882467.1	93.293	164	11	0	175	666	1	164	7.74e-92	275	160
rfuA	WP_010881747.1	97.668	343	8	0	1	1029	1	343	0.0	682	160
rfuB	WP_014342358.1	98.291	585	10	0	1	1755	2	586	0.0	1125	160
rfuC	WP_010881750.1	95.491	377	17	0	1	1131	1	377	0.0	685	160
rfuD	WP_010881751.1	97.125	313	9	0	1	939	1	313	7.90e-157	449	160
rhaT	WP_010882430.1	100.000	290	0	0	1	870	1	290	4.43e-162	461	160
rho	WP_010881703.1	100.000	497	0	0	115	1605	23	519	0.0	976	160
ribF	WP_010882331.1	96.364	275	10	0	1	825	1	275	1.00e-165	468	160
rimM	WP_010882350.1	99.425	174	1	0	13	534	1	174	1.92e-102	300	160
rimP	WP_014342632.1	91.667	156	13	0	1	468	1	156	1.06e-83	251	160
rlmB	WP_010881558.1	94.521	292	16	0	1	876	1	292	0.0	513	160
rlmE	WP_010882127.1	98.500	200	3	0	1	600	1	200	1.61e-113	331	157
rlmN	WP_010881517.1	100.000	340	0	0	25	1044	1	340	0.0	666	160
rlpA	WP_013945548.1	94.412	340	19	0	1	1020	2	341	0.0	566	53435
rluA	WP_014342305.1	100.000	368	0	0	37	1140	37	404	0.0	702	160
rnc	WP_010882254.1	97.244	254	7	0	1	762	1	254	7.34e-145	414	160
rnfC	WP_014342303.1	99.395	496	1	1	1	1488	1	494	0.0	935	160
rnfD	WP_014342302.1	99.705	339	1	0	1	1017	1	339	0.0	629	160
rnhA	WP_014342386.1	100.000	155	0	0	220	684	1	155	6.27e-111	324	160
rnpA	WP_014342660.1	96.241	133	5	0	1	399	1	133	2.18e-71	218	160
rny	WP_010882462.1	97.619	504	12	0	1	1512	1	504	0.0	858	160
rnz	WP_014342594.1	100.000	277	0	0	1	831	32	308	0.0	577	160
rodA	WP_010881950.1	97.921	433	9	0	1	1299	1	433	0.0	655	160
rodZ	WP_010881782.1	92.346	405	31	0	1	1215	1	405	0.0	731	160
rpe	WP_010882388.1	94.495	218	12	0	1	654	1	218	1.12e-145	412	157
rpiA	WP_010882062.1	97.638	254	6	0	25	786	1	254	0.0	506	160
rplA	WP_013944916.1	96.903	226	7	0	1	678	1	226	6.58e-127	366	53435
rplB	WP_010881639.1	97.802	273	6	0	1	819	1	273	7.91e-173	486	160
rplC	WP_013944879.1	95.673	208	9	0	1	624	1	208	2.41e-138	393	53435
rplD	WP_014342319.1	92.130	216	17	0	25	672	1	216	2.04e-140	399	160
rplE	WP_014342323.1	82.162	185	33	0	1	555	1	185	2.91e-102	300	160
rplF~~~rpsH	WP_010881651.1	100.000	147	0	0	505	945	33	179	2.48e-96	290	160
rplF	WP_010881651.1	96.599	147	5	0	97	537	33	179	4.32e-94	279	160
rplI	WP_010881509.1	100.000	156	0	0	1	468	1	156	3.79e-112	323	157
rplJ	WP_010881687.1	97.576	165	4	0	1	495	1	165	1.73e-111	323	160
rplK	WP_010881685.1	100.000	146	0	0	1	438	1	146	1.37e-92	273	157
rplL	WP_010881688.1	93.798	129	8	0	1	387	1	129	1.16e-65	203	160
rplM	WP_010882469.1	90.845	142	13	0	1	426	1	142	4.55e-87	258	157
rplN	WP_010881646.1	100.000	116	0	0	1	348	1	116	5.95e-76	229	160
rplO	WP_010881655.1	99.346	153	1	0	244	702	1	153	3.04e-89	268	160
rplP	WP_010881643.1	100.000	139	0	0	1	417	1	139	1.98e-95	281	157
rplQ	WP_010881661.1	92.073	164	13	0	1	492	1	164	5.84e-104	303	160
rplR	WP_010881652.1	97.778	90	2	0	1	270	1	90	3.88e-55	176	160
rplS	WP_010882352.1	94.309	123	7	0	1	369	1	123	1.07e-64	200	157
rplT	WP_010882292.1	92.623	122	9	0	1	366	1	122	1.03e-72	220	157
rplU	WP_010882190.1	99.048	105	1	0	1	315	1	105	9.15e-68	211	160
rplV	WP_010881641.1	91.935	124	10	0	1	372	1	124	4.36e-75	226	157
rplW	WP_010881638.1	100.000	77	0	0	1	231	1	77	1.70e-48	157	157
rplX	WP_010881647.1	95.146	103	5	0	1	309	1	103	8.12e-49	158	157
rpmA	WP_010882189.1	99.038	104	1	0	1	312	1	104	1.23e-64	203	157
rpmB	WP_235214120.1	94.444	54	3	0	52	213	1	54	1.35e-27	107	157
rpmC	WP_014342321.1	83.333	72	12	0	1	216	1	72	2.48e-33	117	160
rpmD	WP_010881654.1	100.000	61	0	0	1	183	1	61	1.46e-33	117	157
rpmE	WP_010881704.1	83.582	67	11	0	103	303	1	67	2.54e-31	113	157
rpmF	WP_010882252.1	95.161	62	3	0	1	186	1	62	6.80e-36	123	157
rpmG	WP_010881682.1	100.000	56	0	0	1	168	1	56	1.57e-21	86.3	160
rpmH	WP_010882395.1	98.039	51	1	0	1	153	1	51	1.21e-10	58.5	157
rpmI	WP_014342610.1	92.593	54	4	0	37	198	13	66	1.76e-25	97.1	160
rpmJ	WP_010881657.1	97.297	37	1	0	1	111	1	37	8.49e-16	70.5	160
rpoA	WP_014342325.1	96.296	351	13	0	1	1053	1	351	0.0	617	160
rpoB	WP_014342336.1	94.907	1178	60	0	1	3534	1	1178	0.0	2284	160
rpoC	WP_010881690.1	97.648	1403	33	0	1	4209	1	1403	0.0	2776	157
rpoD~~~sigA	WP_010881942.1	96.557	610	21	0	1	1830	2	611	0.0	1166	160
rpoD	WP_013945567.1	98.986	296	3	0	1	888	16	311	0.0	575	53435
rpoE	WP_013944800.1	98.889	180	2	0	64	603	1	180	3.89e-126	361	157
rpoN	WP_172841370.1	99.782	458	1	0	115	1488	18	475	0.0	923	160
rpoZ	WP_010882146.1	91.045	67	6	0	1	201	1	67	5.31e-36	123	157
rpsA	WP_014342353.1	99.884	861	1	0	103	2685	3	863	0.0	1632	160
rpsB	WP_010882052.1	92.784	291	21	0	1	873	1	291	0.0	550	160
rpsC	WP_010881642.1	97.166	247	7	0	1	741	1	247	9.14e-169	473	160
rpsD	WP_010881755.1	99.020	204	2	0	280	891	1	204	6.59e-146	416	160
rpsE	WP_010881653.1	97.674	172	4	0	1	516	1	172	1.19e-104	305	160
rpsF	WP_010881512.1	89.247	93	10	0	1	279	1	93	9.58e-41	137	157
rpsG	WP_010881692.1	95.513	156	7	0	1	468	1	156	8.57e-99	289	160
rpsI	WP_010882468.1	93.023	129	9	0	1	387	1	129	3.63e-78	234	157
rpsJ	WP_010881635.1	100.000	89	0	0	40	306	14	102	6.30e-58	181	157
rpsK	WP_010881659.1	96.032	126	5	0	1	378	1	126	1.47e-83	248	160
rpsL	WP_010881691.1	100.000	124	0	0	1	372	1	124	1.99e-83	248	157
rpsM	WP_010881658.1	97.143	105	3	0	1	315	1	105	1.67e-66	204	157
rpsO	WP_010882330.1	96.629	89	3	0	1	267	1	89	1.75e-35	124	157
rpsP	WP_024751815.1	59.756	82	33	0	1	246	1	82	8.90e-31	113	162
rpsQ	WP_014342322.1	98.810	84	1	0	19	270	1	84	6.96e-52	165	160
rpsR	WP_010881510.1	100.000	99	0	0	1	297	1	99	1.89e-66	202	160
rpsS	WP_010881639.1	100.000	273	0	0	1	819	1	273	7.99e-165	470	160
rpsT	WP_010881699.1	95.789	95	4	0	1	285	1	95	1.94e-44	147	160
rpsU	WP_010882203.1	100.000	65	0	0	37	231	5	69	1.42e-21	87.8	157
rRM	WP_013945017.1	100.000	89	0	0	1	267	1	89	5.56e-57	178	157
rsbU	WP_010881667.1	97.622	715	17	0	1	2145	1	715	0.0	1273	160
rseP	WP_014342504.1	99.770	434	1	0	76	1377	17	450	0.0	816	160
rsfS	WP_014342558.1	92.793	111	8	0	1	333	1	111	1.80e-68	209	160
rsiW	WP_237249922.1	99.441	179	1	0	40	576	1	179	6.00e-101	299	160
rsmA	WP_013944998.1	98.851	261	3	0	1	783	23	283	0.0	535	53435
rsmD	WP_014342251.1	97.222	180	5	0	1	540	1	180	1.34e-122	352	160
rsmE	WP_010881481.1	95.489	266	12	0	1	798	1	266	1.43e-170	479	160
rsmG	WP_010882389.1	95.556	135	6	0	602	198	1	135	1.26e-98	251	160
rsmH	WP_014342407.1	92.348	379	29	0	1	1137	1	379	0.0	550	160
rsmI	WP_010882419.1	96.350	274	10	0	1	822	1	274	1.74e-175	493	157
rssA	WP_013945585.1	98.958	288	3	0	1	864	1	288	0.0	578	53435
ruvA	WP_010881990.1	95.370	216	10	0	1	648	1	216	1.18e-146	416	160
ruvB	WP_010881609.1	99.714	350	1	0	1	1050	1	350	0.0	659	157
ruvC	WP_010881966.1	96.429	196	7	0	1	588	1	196	1.72e-134	382	160
salY	WP_010882407.1	94.621	409	22	0	1	1227	1	409	0.0	709	160
sapB	WP_010882219.1	97.321	224	6	0	1	672	1	224	5.82e-150	424	160
sbcC	WP_014342512.1	96.371	1047	38	0	1	3141	1	1047	0.0	2021	160
scpA	WP_013945299.1	97.222	252	7	0	1	756	1	252	2.13e-178	498	53435
scpB	WP_014342435.1	93.229	192	13	0	1	576	1	192	4.41e-95	283	160
sEC59	WP_013945487.1	92.417	211	16	0	157	789	1	211	4.21e-110	324	53435
secA	WP_014342406.1	99.782	916	2	0	97	2844	1	916	0.0	1837	160
secD	WP_010881858.1	96.398	583	21	0	1	1749	1	583	0.0	1134	157
secE	WP_010881683.1	95.833	48	2	0	1	144	1	48	1.44e-13	66.6	157
secF	WP_010881859.1	95.952	420	17	0	1	1260	1	420	0.0	713	160
secG	WP_014342465.1	91.912	136	11	0	1	408	3	138	1.32e-21	92.4	160
secY	WP_014342324.1	99.771	437	1	0	1	1311	1	437	0.0	841	160
serS	WP_010882092.1	99.760	417	1	0	1	1251	1	417	0.0	861	160
skfB	WP_310794698.1	97.519	524	13	0	106	1677	1	524	0.0	1024	160
slyD	WP_010881797.1	100.000	156	0	0	1	468	1	156	2.86e-108	315	160
smc	WP_014342411.1	97.048	1084	32	0	1	3252	1	1084	0.0	2120	160
smpB	WP_010881631.1	97.403	154	4	0	1	462	1	154	1.23e-106	308	160
smrB	WP_010882119.1	96.040	202	8	0	1	606	1	202	1.94e-108	317	160
sORL	WP_010882267.1	92.969	128	9	0	1	384	1	128	8.49e-82	244	157
spoIIQ2	WP_014342245.1	96.970	363	11	0	1	1089	1	363	0.0	655	160
spoU	WP_014342247.1	97.179	319	9	0	1	957	1	319	0.0	629	160
sppA	WP_014505674.1	97.492	598	15	0	1	1794	1	598	0.0	1005	160
spsE	WP_010882009.1	95.503	378	17	0	1	1134	1	378	0.0	705	160
ssb	WP_010881511.1	94.318	176	10	0	1	528	1	176	3.34e-108	314	157
sSL2	WP_010881828.1	99.835	605	1	0	1	1815	1	605	0.0	1191	160
sTAS	WP_013945178.1	100.000	109	0	0	43	369	13	121	5.02e-72	219	157
sufB~~~sufD	WP_010882058.1	97.912	479	10	0	1	1437	1	479	0.0	935	160
sufC	WP_010882057.1	100.000	253	0	0	115	873	7	259	0.0	515	160
sufD	WP_010882059.1	97.644	382	9	0	1	1146	1	382	0.0	706	160
sufU	WP_010882061.1	97.279	147	4	0	1	441	1	147	3.48e-101	294	157
surE	WP_014342417.1	97.656	256	6	0	1	768	1	256	1.29e-163	461	160
swrD~~~flbD	WP_010882171.1	100.000	64	0	0	43	234	2	65	3.29e-40	134	157
tACO1	WP_010881923.1	96.735	245	8	0	1	735	1	245	4.15e-147	419	157
tadD	WP_235214122.1	99.845	646	1	0	10	1947	1	646	0.0	1142	160
tamB	WP_014342370.1	99.932	1468	1	0	1	4404	1	1468	0.0	2950	160
tar	WP_010882085.1	97.720	614	14	0	1	1842	1	614	0.0	1146	160
tatD	WP_010882423.1	96.109	257	10	0	1	771	1	257	3.05e-172	483	160
tbpA	WP_010881592.1	100.000	335	0	0	1	1005	1	335	0.0	638	160
thiD	WP_010881564.1	97.398	269	7	0	1	807	1	269	2.05e-178	499	160
thiI	WP_014342484.1	95.761	401	17	0	1	1203	1	401	0.0	740	160
thiN	WP_010881967.1	83.913	230	37	0	1	690	1	230	9.23e-134	384	157
thrS	WP_010882281.1	97.813	503	11	0	1	1509	11	513	0.0	964	160
thyX	WP_010882451.1	99.672	305	1	0	1	915	1	305	0.0	545	160
tig	WP_013945146.1	99.314	437	3	0	1	1311	1	437	0.0	828	53435
tilS	WP_010881821.1	96.646	477	16	0	1	1431	1	477	0.0	927	160
tkt	WP_014342485.1	96.823	661	21	0	1	1983	1	661	0.0	1222	160
tlpA	WP_010881549.1	97.000	200	6	0	1	600	1	200	2.07e-138	393	160
tmk	WP_010881802.1	91.346	208	18	0	1	624	1	208	7.56e-136	387	157
tmpA	WP_010882213.1	96.522	345	12	0	1	1035	1	345	0.0	612	157
tmpB~~~lysM	WP_010882214.1	93.231	325	22	0	1	975	1	325	6.47e-142	412	160
tmpC	WP_014342368.1	98.867	353	4	0	1	1059	1	353	0.0	702	160
topA	WP_014342408.1	96.179	759	1	1	1	2277	1	731	0.0	1503	160
tp75	WP_014342229.1	96.867	415	13	0	1	1245	1	415	0.0	825	160
tpd	WP_010882415.1	91.667	204	17	0	1	612	1	204	1.54e-110	323	157
tpf1	WP_014342705.1	92.655	177	13	0	1	531	1	177	8.78e-101	296	160
tpiA	WP_010881984.1	94.779	249	13	0	1	747	1	249	5.35e-168	471	160
tpl	WP_013944762.1	95.279	233	11	0	1	699	1	233	7.24e-160	450	53435
tpn32	WP_010882265.1	97.761	268	6	0	1	804	1	268	4.98e-180	504	160
tpn39b	WP_010882460.1	100.000	361	0	0	1	1083	1	361	0.0	721	160
tpn50	WP_010881741.1	100.000	415	0	0	1	1245	3	417	0.0	864	157
tpp15	WP_010881618.1	97.887	142	3	0	1	426	1	142	3.03e-98	286	157
tpp17	WP_010881883.1	100.000	156	0	0	166	633	1	156	1.79e-109	318	160
tprA	WP_244857653.1	99.190	494	4	0	310	1791	1	494	0.0	843	160
tprC~~~tprD	WP_014342287.1	99.832	596	1	0	1	1788	1	596	0.0	1229	160
tprC~~~tprF	WP_014342366.1	76.047	597	127	5	79	1857	25	609	0.0	906	160
tPR~~~lapB	WP_014342663.1	97.908	478	10	0	1	1434	1	478	0.0	889	160
tprL	WP_013945584.1	86.106	583	78	3	124	1863	43	625	0.0	992	53435
tPR	WP_014505568.1	100.000	646	0	0	1	1938	1	646	0.0	1288	160
traB	WP_013945287.1	98.792	331	4	0	43	1035	1	331	0.0	601	53435
treA	WP_010882374.1	94.958	476	24	0	1	1428	1	476	0.0	932	160
trkA	WP_010881587.1	97.826	230	5	0	1	690	1	230	7.65e-160	449	160
trkG	WP_245522151.1	91.958	572	46	0	1	1716	1	572	0.0	962	53435
trmB	WP_014342439.1	99.600	250	1	0	1	750	1	250	1.34e-152	435	160
trmD	WP_010882351.1	92.000	250	20	0	1	750	1	250	6.55e-159	449	160
troA	WP_010881610.1	94.481	308	17	0	1	924	1	308	0.0	595	160
troC	WP_010881612.1	100.000	298	0	0	1	894	1	298	1.51e-126	371	160
troD	WP_014342310.1	97.820	367	8	0	1	1101	1	367	0.0	521	160
troR	WP_010881614.1	96.732	153	5	0	1	459	1	153	1.58e-102	298	157
trpS	WP_010882078.1	96.439	337	12	0	19	1029	1	337	0.0	653	157
truA	WP_013945413.1	98.361	244	1	1	1	723	1	244	1.85e-177	497	157
truB	WP_014342630.1	95.014	361	18	0	1	1083	6	366	0.0	639	160
trxA	WP_010882362.1	87.619	105	13	0	1	315	1	105	1.97e-57	180	160
trxB	WP_010882258.1	95.765	307	13	0	1	921	1	307	0.0	548	160
tsaB	WP_010882319.1	93.213	221	15	0	1	663	1	221	3.76e-149	422	160
tsaC	WP_014342316.1	99.512	205	1	0	1	615	1	205	1.67e-111	328	160
tsaD	WP_013945290.1	96.591	352	12	0	1	1056	1	352	0.0	660	53435
tsaE	WP_010882318.1	94.615	130	7	0	1	390	1	130	3.42e-83	249	157
tsf	WP_010882051.1	100.000	284	0	0	1	852	1	284	4.04e-179	505	160
tssH~~~clpB	WP_010881520.1	100.000	878	0	0	1	2634	1	878	0.0	1758	157
tuf	WP_010881634.1	97.215	395	11	0	1	1185	1	395	0.0	734	157
tyrS	WP_014342602.1	100.000	409	0	0	22	1248	1	409	0.0	837	160
ubiG	WP_014342356.1	97.200	857	24	0	1	2571	1	857	0.0	1639	160
udg4	WP_014342334.1	97.037	270	8	0	1	810	1	270	9.11e-177	496	160
udk	WP_014342530.1	94.737	551	29	0	1	1653	1	551	0.0	1066	160
udp	WP_010882471.1	100.000	258	0	0	100	873	1	258	0.0	531	157
ugpB	WP_010882182.1	98.851	435	5	0	1	1305	1	435	0.0	858	160
ugpC	WP_012460593.1	94.574	387	21	0	1	1161	1	387	0.0	718	160
ugpE	WP_014342258.1	96.377	276	10	0	1	828	1	276	1.96e-148	424	160
undP	WP_010881761.1	100.000	229	0	0	1	687	1	229	7.35e-150	386	160
uppS	WP_010882049.1	96.804	219	7	0	1	657	1	219	8.40e-145	412	160
upp	WP_010881896.1	96.111	360	14	0	1	1080	1	360	0.0	716	160
uup	WP_014342604.1	97.459	551	14	0	10	1662	1	551	0.0	1111	160
uvrA	WP_010881963.1	98.632	950	13	0	49	2898	1	950	0.0	1861	160
uvrB	WP_013944822.1	93.263	668	45	0	28	2031	1	668	0.0	1262	53435
uvrC	WP_010881921.1	100.000	683	0	0	82	2130	9	691	0.0	1343	160
vacB	WP_014342589.1	99.714	700	2	0	1	2100	1	700	0.0	1378	160
valS	WP_014342703.1	99.895	956	1	0	85	2952	1	956	0.0	1931	160
vwb	WP_010882196.1	95.781	237	10	0	1	711	1	237	7.95e-153	432	160
wecE	WP_012460516.1	98.077	728	14	0	1222	3405	13	740	0.0	1424	160
wecG	WP_010881724.1	100.000	249	0	0	1	747	1	249	0.0	508	160
whiG~~~fliA	WP_013945314.1	97.710	262	6	0	1	786	1	262	1.76e-170	479	157
xerC~~~xerD	WP_014342409.1	96.970	297	9	0	1	891	1	297	0.0	589	160
xerD	WP_010881839.1	92.810	306	22	0	1	918	1	306	0.0	585	160
xkdP~~~lysM	WP_237260079.1	91.429	175	15	0	85	609	1	175	1.36e-82	251	160
xkdP	WP_010881491.1	94.516	310	17	0	1	930	1	310	0.0	550	160
xthA	WP_010881574.1	96.970	264	8	0	1	792	1	264	0.0	531	157
xylB	WP_010881743.1	99.762	421	1	0	1	1263	1	421	0.0	858	157
yaaR	WP_010881496.1	94.798	173	9	0	1	519	1	173	6.99e-116	333	157
yabN	WP_235214027.1	100.000	302	0	0	1	906	1	302	0.0	553	160
yaiI	WP_014342608.1	96.045	177	7	0	58	588	1	177	6.68e-103	302	160
yajC	WP_235214121.1	88.991	109	12	0	49	375	1	109	5.16e-62	193	157
yajL	WP_014342427.1	95.897	195	8	0	1	585	1	195	8.21e-123	354	160
ybbR	WP_014342597.1	94.375	320	18	0	1	960	1	320	0.0	598	160
ybeY	WP_010882095.1	96.250	160	6	0	1	480	1	160	1.74e-109	316	157
ybgF	WP_010881731.1	96.234	239	9	0	1	717	1	239	6.80e-136	390	160
ycf19	WP_012460585.1	92.935	184	11	1	55	606	19	200	1.29e-87	264	157
ycf37	WP_013945118.1	100.000	192	0	0	1	576	1	192	6.02e-104	325	53435
ychF	WP_010881573.1	100.000	348	0	0	1	1044	1	348	0.0	715	160
ydbC	WP_014342386.1	97.802	91	2	0	660	388	36	126	1.36e-55	183	160
ydcV~~~potC	WP_014342525.1	95.221	272	13	0	1	816	1	272	2.12e-152	434	160
yfcE	WP_010882380.1	88.152	211	25	0	1	633	1	211	7.58e-127	364	160
yfgM	WP_010881946.1	98.547	344	5	0	958	1989	1	344	0.0	610	160
ygcG	WP_235214003.1	100.000	253	0	0	1	759	4	256	2.41e-163	464	160
yidC	WP_014342659.1	99.518	622	3	0	1	1866	1	622	0.0	1174	160
yidD	WP_271426006.1	88.764	89	10	0	16	282	1	89	4.17e-50	161	160
yifB	WP_014342624.1	98.748	639	8	0	10	1926	1	639	0.0	1183	160
yigB	WP_013945063.1	100.000	226	0	0	1	678	1	226	1.17e-163	459	157
yjhB	WP_014342553.1	93.301	209	11	1	1	627	1	206	2.32e-137	391	160
ylaD	WP_010882400.1	95.046	323	16	0	55	1023	1	323	0.0	589	160
ylqH	WP_010882354.1	89.157	83	9	0	1	249	1	83	5.47e-44	145	157
yncE	WP_235214101.1	97.412	657	17	0	46	2016	21	677	0.0	1285	157
yocR	WP_010881472.1	97.968	443	9	0	1	1329	1	443	0.0	861	160
yqeK	WP_014505589.1	98.312	237	4	0	1	711	1	237	7.54e-157	443	160
yqfA	WP_010882481.1	93.277	238	16	0	1	714	1	238	2.28e-140	401	160
yraN	WP_013945482.1	86.508	126	17	0	1	378	1	126	1.36e-73	223	157
ysxB	WP_010882189.1	99.074	108	1	0	1	324	1	108	9.40e-69	209	157
yuiD	WP_010881600.1	95.706	163	7	0	1	489	1	163	3.82e-89	265	160
ywaF	WP_010881829.1	100.000	231	0	0	1	693	1	231	4.72e-101	304	160
zapA	WP_010882290.1	99.048	105	1	0	1	315	1	105	7.50e-67	204	160
zapB	WP_014342609.1	94.595	111	6	0	1	333	1	111	9.62e-57	179	160
zntA	WP_014342704.1	97.475	792	20	0	1	2376	1	792	0.0	1450	160
znuA	WP_010881483.1	96.203	316	12	0	1	948	1	316	0.0	534	160
znuB	WP_010881485.1	92.481	266	20	0	1	798	1	266	2.20e-136	393	160
znuC	WP_010881484.1	96.639	238	8	0	1	714	1	238	2.42e-160	451	160
zwf	WP_014342444.1	96.117	515	20	0	1	1545	1	515	0.0	1020	160
