Bin.Id	Marker lineage	genomes	markers	marker sets	0	1	2	3	4	5+	Completeness	Contamination	Strain heterogeneity
ERR3684450	f__Spirochaetaceae (UID2512)	56	235	124	0	235	0	0	0	0	100.00	0.00	0.00
ERR3684451	f__Spirochaetaceae (UID2512)	56	235	124	0	235	0	0	0	0	100.00	0.00	0.00
ERR3684452	f__Spirochaetaceae (UID2512)	56	235	124	0	235	0	0	0	0	100.00	0.00	0.00
ERR3684453	f__Spirochaetaceae (UID2512)	56	235	124	0	235	0	0	0	0	100.00	0.00	0.00
ERR3684454	f__Spirochaetaceae (UID2512)	56	235	124	0	235	0	0	0	0	100.00	0.00	0.00
ERR3684455	f__Spirochaetaceae (UID2512)	56	235	124	2	227	4	2	0	0	98.79	2.32	60.00
ERR3684456	f__Spirochaetaceae (UID2512)	56	235	124	0	235	0	0	0	0	100.00	0.00	0.00
ERR3684457	f__Spirochaetaceae (UID2512)	56	235	124	0	234	1	0	0	0	100.00	0.81	0.00
ERR3684458	f__Spirochaetaceae (UID2512)	56	235	124	0	235	0	0	0	0	100.00	0.00	0.00
ERR3684459	f__Spirochaetaceae (UID2512)	56	235	124	0	234	1	0	0	0	100.00	0.81	0.00
ERR3684460	f__Spirochaetaceae (UID2512)	56	235	124	0	235	0	0	0	0	100.00	0.00	0.00
ERR3684461	f__Spirochaetaceae (UID2512)	56	235	124	3	229	3	0	0	0	98.39	0.70	33.33
ERR3684462	f__Spirochaetaceae (UID2512)	56	235	124	6	219	10	0	0	0	96.88	4.29	30.00
ERR3684463	f__Spirochaetaceae (UID2512)	56	235	124	8	214	12	1	0	0	95.62	5.06	53.33
ERR3684464	f__Spirochaetaceae (UID2512)	56	235	124	6	224	5	0	0	0	96.88	2.02	20.00
ERR3684465	f__Spirochaetaceae (UID2512)	56	235	124	4	226	5	0	0	0	97.96	3.39	40.00
ERR3684466	f__Spirochaetaceae (UID2512)	56	235	124	0	234	0	1	0	0	100.00	0.32	66.67
ERR3684467	f__Spirochaetaceae (UID2512)	56	235	124	3	230	2	0	0	0	98.76	0.97	0.00
ERR3684468	f__Spirochaetaceae (UID2512)	56	235	124	14	210	11	0	0	0	91.78	3.36	18.18
ERR3684469	f__Spirochaetaceae (UID2512)	56	235	124	0	233	1	1	0	0	100.00	0.56	75.00
ERR3684470	f__Spirochaetaceae (UID2512)	56	235	124	2	229	4	0	0	0	99.57	2.00	25.00
ERR3684471	f__Spirochaetaceae (UID2512)	56	235	124	0	233	2	0	0	0	100.00	1.08	100.00
ERR3684472	f__Spirochaetaceae (UID2512)	56	235	124	0	235	0	0	0	0	100.00	0.00	0.00
ERR3684473	f__Spirochaetaceae (UID2512)	56	235	124	0	235	0	0	0	0	100.00	0.00	0.00
ERR3684474	f__Spirochaetaceae (UID2512)	56	235	124	1	234	0	0	0	0	99.19	0.00	0.00
ERR3684475	f__Spirochaetaceae (UID2512)	56	235	124	0	235	0	0	0	0	100.00	0.00	0.00
ERR3684476	f__Spirochaetaceae (UID2512)	56	235	124	0	233	1	1	0	0	100.00	2.02	100.00
ERR3684477	f__Spirochaetaceae (UID2512)	56	235	124	0	235	0	0	0	0	100.00	0.00	0.00
ERR3684478	f__Spirochaetaceae (UID2512)	56	235	124	1	233	1	0	0	0	99.19	0.81	0.00
ERR3684479	f__Spirochaetaceae (UID2512)	56	235	124	0	235	0	0	0	0	100.00	0.00	0.00
ERR3684480	f__Spirochaetaceae (UID2512)	56	235	124	0	235	0	0	0	0	100.00	0.00	0.00
ERR3684481	f__Spirochaetaceae (UID2512)	56	235	124	24	202	9	0	0	0	86.88	3.19	11.11
ERR3684482	f__Spirochaetaceae (UID2512)	56	235	124	0	235	0	0	0	0	100.00	0.00	0.00
ERR3684483	f__Spirochaetaceae (UID2512)	56	235	124	0	234	0	1	0	0	100.00	1.61	100.00
ERR3684484	f__Spirochaetaceae (UID2512)	56	235	124	4	228	3	0	0	0	97.55	1.66	33.33
ERR3684485	f__Spirochaetaceae (UID2512)	56	235	124	1	233	1	0	0	0	99.60	0.40	100.00
ERR3684486	f__Spirochaetaceae (UID2512)	56	235	124	1	230	4	0	0	0	99.19	1.35	75.00
ERR3684487	f__Spirochaetaceae (UID2512)	56	235	124	4	227	3	1	0	0	97.98	3.39	50.00
ERR3684488	f__Spirochaetaceae (UID2512)	56	235	124	7	217	11	0	0	0	96.99	3.82	72.73
ERR3684489	f__Spirochaetaceae (UID2512)	56	235	124	0	235	0	0	0	0	100.00	0.00	0.00
ERR3684490	f__Spirochaetaceae (UID2512)	56	235	124	0	232	3	0	0	0	100.00	1.34	33.33
ERR3684491	f__Spirochaetaceae (UID2512)	56	235	124	0	234	1	0	0	0	100.00	0.16	100.00
ERR3684492	f__Spirochaetaceae (UID2512)	56	235	124	0	234	1	0	0	0	100.00	0.12	100.00
ERR3684493	f__Spirochaetaceae (UID2512)	56	235	124	1	232	2	0	0	0	99.19	0.97	0.00
ERR3684494	f__Spirochaetaceae (UID2512)	56	235	124	3	229	3	0	0	0	97.98	1.21	33.33
ERR3684495	f__Spirochaetaceae (UID2512)	56	235	124	0	235	0	0	0	0	100.00	0.00	0.00
ERR3684496	f__Spirochaetaceae (UID2512)	56	235	124	6	218	11	0	0	0	96.51	3.51	0.00
ERR3684497	f__Spirochaetaceae (UID2512)	56	235	124	0	235	0	0	0	0	100.00	0.00	0.00
ERR3684498	f__Spirochaetaceae (UID2512)	56	235	124	0	234	0	0	1	0	100.00	1.21	83.33
ERR3684499	f__Spirochaetaceae (UID2512)	56	235	124	1	234	0	0	0	0	99.19	0.00	0.00
ERR3684500	f__Spirochaetaceae (UID2512)	56	235	124	0	235	0	0	0	0	100.00	0.00	0.00
ERR3684501	f__Spirochaetaceae (UID2512)	56	235	124	0	235	0	0	0	0	100.00	0.00	0.00
ERR3684502	f__Spirochaetaceae (UID2512)	56	235	124	0	235	0	0	0	0	100.00	0.00	0.00
ERR3684503	f__Spirochaetaceae (UID2512)	56	235	124	41	180	14	0	0	0	79.92	3.85	28.57
ERR3684504	f__Spirochaetaceae (UID2512)	56	235	124	0	235	0	0	0	0	100.00	0.00	0.00
ERR3684505	f__Spirochaetaceae (UID2512)	56	235	124	12	211	12	0	0	0	92.74	3.98	33.33
ERR3684506	f__Spirochaetaceae (UID2512)	56	235	124	23	199	13	0	0	0	87.31	6.82	15.38
ERR3684507	f__Spirochaetaceae (UID2512)	56	235	124	0	235	0	0	0	0	100.00	0.00	0.00
ERR3684508	f__Spirochaetaceae (UID2512)	56	235	124	29	196	10	0	0	0	89.67	3.48	20.00
ERR3684509	f__Spirochaetaceae (UID2512)	56	235	124	0	235	0	0	0	0	100.00	0.00	0.00
ERR3684510	f__Spirochaetaceae (UID2512)	56	235	124	0	235	0	0	0	0	100.00	0.00	0.00
ERR3684511	f__Spirochaetaceae (UID2512)	56	235	124	0	235	0	0	0	0	100.00	0.00	0.00
ERR3684512	f__Spirochaetaceae (UID2512)	56	235	124	0	235	0	0	0	0	100.00	0.00	0.00
ERR3684513	f__Spirochaetaceae (UID2512)	56	235	124	86	138	10	1	0	0	58.86	4.90	7.69
ERR3684514	f__Spirochaetaceae (UID2512)	56	235	124	130	103	2	0	0	0	42.16	0.83	0.00
ERR3684515	f__Spirochaetaceae (UID2512)	56	235	124	0	235	0	0	0	0	100.00	0.00	0.00
ERR3684516	f__Spirochaetaceae (UID2512)	56	235	124	8	218	9	0	0	0	95.63	3.44	66.67
ERR3684517	f__Spirochaetaceae (UID2512)	56	235	124	0	235	0	0	0	0	100.00	0.00	0.00
ERR3684518	f__Spirochaetaceae (UID2512)	56	235	124	76	147	12	0	0	0	62.36	3.09	0.00
ERR3684519	f__Spirochaetaceae (UID2512)	56	235	124	0	235	0	0	0	0	100.00	0.00	0.00
ERR3684520	f__Spirochaetaceae (UID2512)	56	235	124	1	233	1	0	0	0	99.97	0.05	0.00
ERR3684521	f__Spirochaetaceae (UID2512)	56	235	124	0	235	0	0	0	0	100.00	0.00	0.00
ERR3684522	f__Spirochaetaceae (UID2512)	56	235	124	0	235	0	0	0	0	100.00	0.00	0.00
ERR3684523	f__Spirochaetaceae (UID2512)	56	235	124	0	235	0	0	0	0	100.00	0.00	0.00
ERR3684524	f__Spirochaetaceae (UID2512)	56	235	124	0	235	0	0	0	0	100.00	0.00	0.00
ERR3684525	f__Spirochaetaceae (UID2512)	56	235	124	0	234	0	1	0	0	100.00	0.27	100.00
ERR3684526	f__Spirochaetaceae (UID2512)	56	235	124	0	235	0	0	0	0	100.00	0.00	0.00
ERR3684527	f__Spirochaetaceae (UID2512)	56	235	124	16	210	9	0	0	0	92.01	1.19	22.22
ERR3684528	f__Spirochaetaceae (UID2512)	56	235	124	0	235	0	0	0	0	100.00	0.00	0.00
ERR3684529	f__Spirochaetaceae (UID2512)	56	235	124	20	206	9	0	0	0	89.77	3.86	44.44
ERR3684530	f__Spirochaetaceae (UID2512)	56	235	124	0	235	0	0	0	0	100.00	0.00	0.00
ERR3684531	f__Spirochaetaceae (UID2512)	56	235	124	0	235	0	0	0	0	100.00	0.00	0.00
ERR3684532	f__Spirochaetaceae (UID2512)	56	235	124	18	205	12	0	0	0	91.88	6.04	75.00
ERR3684533	f__Spirochaetaceae (UID2512)	56	235	124	0	235	0	0	0	0	100.00	0.00	0.00
ERR3684534	f__Spirochaetaceae (UID2512)	56	235	124	0	235	0	0	0	0	100.00	0.00	0.00
ERR3684535	f__Spirochaetaceae (UID2512)	56	235	124	0	235	0	0	0	0	100.00	0.00	0.00
ERR3684536	f__Spirochaetaceae (UID2512)	56	235	124	16	212	7	0	0	0	90.54	1.65	42.86
ERR3684537	f__Spirochaetaceae (UID2512)	56	235	124	1	234	0	0	0	0	99.19	0.00	0.00
ERR3684538	f__Spirochaetaceae (UID2512)	56	235	124	0	234	1	0	0	0	100.00	0.27	100.00
ERR3684539	f__Spirochaetaceae (UID2512)	56	235	124	4	230	1	0	0	0	97.55	0.81	0.00
ERR3684540	f__Spirochaetaceae (UID2512)	56	235	124	0	233	1	1	0	0	100.00	0.81	100.00
ERR3684541	f__Spirochaetaceae (UID2512)	56	235	124	70	152	13	0	0	0	70.53	3.83	38.46
ERR3684542	f__Spirochaetaceae (UID2512)	56	235	124	0	234	1	0	0	0	100.00	0.81	100.00
ERR3684543	f__Spirochaetaceae (UID2512)	56	235	124	14	213	8	0	0	0	93.54	3.13	50.00
ERR3684544	f__Spirochaetaceae (UID2512)	56	235	124	5	228	2	0	0	0	98.09	0.83	50.00
ERR3684545	f__Spirochaetaceae (UID2512)	56	235	124	49	174	12	0	0	0	76.78	4.89	25.00
ERR3684546	f__Spirochaetaceae (UID2512)	56	235	124	92	136	7	0	0	0	60.15	2.32	0.00
ERR3684547	f__Spirochaetaceae (UID2512)	56	235	124	0	232	3	0	0	0	100.00	0.95	33.33
ERR3684548	f__Spirochaetaceae (UID2512)	56	235	124	0	235	0	0	0	0	100.00	0.00	0.00
ERR3684549	f__Spirochaetaceae (UID2512)	56	235	124	10	213	12	0	0	0	94.60	3.64	50.00
ERR3684550	f__Spirochaetaceae (UID2512)	56	235	124	1	234	0	0	0	0	99.19	0.00	0.00
ERR3684551	f__Spirochaetaceae (UID2512)	56	235	124	0	235	0	0	0	0	100.00	0.00	0.00
ERR3684552	f__Spirochaetaceae (UID2512)	56	235	124	0	235	0	0	0	0	100.00	0.00	0.00
ERR3684553	f__Spirochaetaceae (UID2512)	56	235	124	0	235	0	0	0	0	100.00	0.00	0.00
ERR3684554	f__Spirochaetaceae (UID2512)	56	235	124	130	100	5	0	0	0	42.00	1.02	0.00
ERR3684555	f__Spirochaetaceae (UID2512)	56	235	124	2	231	2	0	0	0	99.17	0.21	0.00
ERR3684556	f__Spirochaetaceae (UID2512)	56	235	124	0	235	0	0	0	0	100.00	0.00	0.00
ERR3684557	f__Spirochaetaceae (UID2512)	56	235	124	1	234	0	0	0	0	99.19	0.00	0.00
ERR3684558	f__Spirochaetaceae (UID2512)	56	235	124	0	235	0	0	0	0	100.00	0.00	0.00
ERR3684559	f__Spirochaetaceae (UID2512)	56	235	124	63	158	14	0	0	0	67.67	5.88	21.43
ERR3684560	f__Spirochaetaceae (UID2512)	56	235	124	0	235	0	0	0	0	100.00	0.00	0.00
ERR3684561	f__Spirochaetaceae (UID2512)	56	235	124	19	196	20	0	0	0	89.33	6.58	25.00
ERR3684562	f__Spirochaetaceae (UID2512)	56	235	124	113	111	11	0	0	0	45.18	4.29	45.45
ERR3684563	f__Spirochaetaceae (UID2512)	56	235	124	61	163	11	0	0	0	70.46	3.15	27.27
ERR3684564	f__Spirochaetaceae (UID2512)	56	235	124	0	235	0	0	0	0	100.00	0.00	0.00
ERR3684565	f__Spirochaetaceae (UID2512)	56	235	124	0	235	0	0	0	0	100.00	0.00	0.00
ERR3684566	f__Spirochaetaceae (UID2512)	56	235	124	2	231	2	0	0	0	98.79	1.21	50.00
ERR3684567	f__Spirochaetaceae (UID2512)	56	235	124	3	225	7	0	0	0	98.36	2.94	85.71
ERR3684568	f__Spirochaetaceae (UID2512)	56	235	124	0	235	0	0	0	0	100.00	0.00	0.00
ERR3684569	f__Spirochaetaceae (UID2512)	56	235	124	0	233	2	0	0	0	100.00	0.56	50.00
ERR3684570	f__Spirochaetaceae (UID2512)	56	235	124	36	183	16	0	0	0	79.92	5.24	18.75
ERR3684571	f__Spirochaetaceae (UID2512)	56	235	124	4	229	2	0	0	0	98.31	0.92	50.00
ERR3684572	f__Spirochaetaceae (UID2512)	56	235	124	1	229	5	0	0	0	99.97	1.49	40.00
ERR3684573	f__Spirochaetaceae (UID2512)	56	235	124	0	235	0	0	0	0	100.00	0.00	0.00
ERR3684574	f__Spirochaetaceae (UID2512)	56	235	124	0	235	0	0	0	0	100.00	0.00	0.00
ERR3684575	f__Spirochaetaceae (UID2512)	56	235	124	1	233	1	0	0	0	99.19	0.81	100.00
ERR3684576	f__Spirochaetaceae (UID2512)	56	235	124	0	235	0	0	0	0	100.00	0.00	0.00
ERR3684577	f__Spirochaetaceae (UID2512)	56	235	124	0	235	0	0	0	0	100.00	0.00	0.00
ERR3684578	f__Spirochaetaceae (UID2512)	56	235	124	27	199	9	0	0	0	85.58	4.89	33.33
ERR3684579	f__Spirochaetaceae (UID2512)	56	235	124	140	90	5	0	0	0	36.67	1.67	40.00
ERR3684580	f__Spirochaetaceae (UID2512)	56	235	124	0	234	1	0	0	0	100.00	0.81	0.00
ERR3684581	f__Spirochaetaceae (UID2512)	56	235	124	3	227	4	1	0	0	99.52	1.66	85.71
ERR3684582	f__Spirochaetaceae (UID2512)	56	235	124	0	235	0	0	0	0	100.00	0.00	0.00
ERR3684583	f__Spirochaetaceae (UID2512)	56	235	124	1	234	0	0	0	0	99.19	0.00	0.00
ERR3684584	f__Spirochaetaceae (UID2512)	56	235	124	1	234	0	0	0	0	99.19	0.00	0.00
ERR3684585	f__Spirochaetaceae (UID2512)	56	235	124	1	233	1	0	0	0	99.19	0.16	0.00
ERR3684586	f__Spirochaetaceae (UID2512)	56	235	124	164	69	2	0	0	0	30.53	0.45	0.00
ERR3684587	f__Spirochaetaceae (UID2512)	56	235	124	2	227	5	1	0	0	99.17	2.43	62.50
ERR3684588	f__Spirochaetaceae (UID2512)	56	235	124	1	230	4	0	0	0	99.19	1.88	100.00
ERR3684589	f__Spirochaetaceae (UID2512)	56	235	124	11	213	11	0	0	0	94.73	3.42	45.45
ERR3684590	f__Spirochaetaceae (UID2512)	56	235	124	21	201	13	0	0	0	87.52	5.30	38.46
ERR3684591	f__Spirochaetaceae (UID2512)	56	235	124	38	188	9	0	0	0	82.29	1.94	0.00
ERR3684592	f__Spirochaetaceae (UID2512)	56	235	124	6	222	7	0	0	0	96.34	2.76	28.57
ERR3684593	f__Spirochaetaceae (UID2512)	56	235	124	15	207	13	0	0	0	92.33	4.43	38.46
ERR3684594	f__Spirochaetaceae (UID2512)	56	235	124	11	212	12	0	0	0	94.51	6.19	25.00
ERR3684595	f__Spirochaetaceae (UID2512)	56	235	124	44	179	12	0	0	0	76.70	3.18	16.67
ERR3684596	f__Spirochaetaceae (UID2512)	56	235	124	0	228	6	1	0	0	100.00	5.27	55.56
ERR3684597	f__Spirochaetaceae (UID2512)	56	235	124	1	231	3	0	0	0	99.60	1.37	33.33
ERR3684598	k__Bacteria (UID203)	5449	99	54	79	20	0	0	0	0	22.51	0.00	0.00
ERR3684599	f__Spirochaetaceae (UID2512)	56	235	124	0	232	3	0	0	0	100.00	1.37	66.67
ERR3684600	f__Spirochaetaceae (UID2512)	56	235	124	0	235	0	0	0	0	100.00	0.00	0.00
ERR3684601	f__Spirochaetaceae (UID2512)	56	235	124	11	213	11	0	0	0	92.20	4.27	27.27
ERR3684602	f__Spirochaetaceae (UID2512)	56	235	124	9	219	7	0	0	0	94.68	2.12	14.29
ERR3684603	k__Bacteria (UID203)	5449	99	54	93	6	0	0	0	0	3.45	0.00	0.00
ERR3684604	k__Bacteria (UID203)	5449	99	54	89	10	0	0	0	0	6.94	0.00	0.00
ERR3684605	k__Bacteria (UID203)	5449	99	54	88	11	0	0	0	0	6.73	0.00	0.00
ERR3684606	f__Spirochaetaceae (UID2512)	56	235	124	31	192	12	0	0	0	83.62	6.69	16.67
ERR3684607	k__Bacteria (UID203)	5449	99	54	93	6	0	0	0	0	8.50	0.00	0.00
ERR3684608	k__Bacteria (UID203)	5449	99	54	94	5	0	0	0	0	1.60	0.00	0.00
ERR3684609	f__Spirochaetaceae (UID2512)	56	235	124	0	230	4	1	0	0	100.00	3.63	57.14
ERR3684610	f__Spirochaetaceae (UID2512)	56	235	124	0	235	0	0	0	0	100.00	0.00	0.00
ERR3684611	f__Spirochaetaceae (UID2512)	56	235	124	5	221	9	0	0	0	97.29	3.14	33.33
ERR3684612	f__Spirochaetaceae (UID2512)	56	235	124	36	185	14	0	0	0	79.13	4.84	42.86
ERR3684613	f__Spirochaetaceae (UID2512)	56	235	124	0	233	2	0	0	0	100.00	0.81	100.00
ERR3684614	f__Spirochaetaceae (UID2512)	56	235	124	57	169	9	0	0	0	71.26	4.53	22.22
ERR3684615	f__Spirochaetaceae (UID2512)	56	235	124	0	234	0	1	0	0	100.00	1.61	33.33
ERR3684616	f__Spirochaetaceae (UID2512)	56	235	124	2	233	0	0	0	0	99.17	0.00	0.00
ERR3684617	f__Spirochaetaceae (UID2512)	56	235	124	54	169	12	0	0	0	72.64	6.35	25.00
ERR3684618	f__Spirochaetaceae (UID2512)	56	235	124	0	234	1	0	0	0	100.00	0.12	100.00
ERR3684619	f__Spirochaetaceae (UID2512)	56	235	124	0	235	0	0	0	0	100.00	0.00	0.00
ERR3684620	f__Spirochaetaceae (UID2512)	56	235	124	0	235	0	0	0	0	100.00	0.00	0.00
ERR3684621	f__Spirochaetaceae (UID2512)	56	235	124	113	118	4	0	0	0	49.33	1.26	25.00
ERR3684622	f__Spirochaetaceae (UID2512)	56	235	124	5	228	2	0	0	0	97.15	0.19	50.00
ERR3684623	f__Spirochaetaceae (UID2512)	56	235	124	1	232	2	0	0	0	99.19	1.61	100.00
ERR3684624	f__Spirochaetaceae (UID2512)	56	235	124	3	224	8	0	0	0	97.98	3.39	0.00
ERR3684625	f__Spirochaetaceae (UID2512)	56	235	124	138	92	5	0	0	0	33.13	1.09	20.00
ERR3684626	f__Spirochaetaceae (UID2512)	56	235	124	0	234	1	0	0	0	100.00	0.81	0.00
ERR3684627	f__Spirochaetaceae (UID2512)	56	235	124	128	102	5	0	0	0	41.37	0.55	0.00
ERR3684628	f__Spirochaetaceae (UID2512)	56	235	124	2	230	3	0	0	0	99.17	1.21	66.67
ERR3684629	f__Spirochaetaceae (UID2512)	56	235	124	30	189	16	0	0	0	84.01	5.18	37.50
ERR3684630	f__Spirochaetaceae (UID2512)	56	235	124	7	219	9	0	0	0	95.30	2.42	11.11
ERR3684631	f__Spirochaetaceae (UID2512)	56	235	124	1	228	6	0	0	0	99.19	1.06	16.67
ERR3684632	f__Spirochaetaceae (UID2512)	56	235	124	13	214	8	0	0	0	94.59	3.35	25.00
ERR3684633	f__Spirochaetaceae (UID2512)	56	235	124	37	181	16	1	0	0	80.71	6.95	15.79
ERR3684634	f__Spirochaetaceae (UID2512)	56	235	124	12	211	12	0	0	0	93.96	5.03	33.33
ERR3684635	f__Spirochaetaceae (UID2512)	56	235	124	15	214	6	0	0	0	92.29	2.71	16.67
ERR3684636	f__Spirochaetaceae (UID2512)	56	235	124	130	99	6	0	0	0	41.24	4.03	16.67
ERR3684637	f__Spirochaetaceae (UID2512)	56	235	124	35	188	12	0	0	0	82.57	5.36	41.67
ERR3684638	f__Spirochaetaceae (UID2512)	56	235	124	25	199	11	0	0	0	88.11	3.54	18.18
ERR3684639	f__Spirochaetaceae (UID2512)	56	235	124	7	223	5	0	0	0	97.64	1.85	40.00
ERR3684640	f__Spirochaetaceae (UID2512)	56	235	124	158	73	4	0	0	0	27.01	1.32	25.00
ERR3684641	f__Spirochaetaceae (UID2512)	56	235	124	3	228	4	0	0	0	98.76	2.04	25.00
ERR3684642	f__Spirochaetaceae (UID2512)	56	235	124	4	228	3	0	0	0	98.63	0.50	100.00
ERR3684643	f__Spirochaetaceae (UID2512)	56	235	124	2	231	2	0	0	0	98.39	1.08	100.00
ERR3684644	f__Spirochaetaceae (UID2512)	56	235	124	3	227	5	0	0	0	99.14	2.33	40.00
ERR3684645	f__Spirochaetaceae (UID2512)	56	235	124	44	173	18	0	0	0	78.60	8.22	22.22
ERR3684646	f__Spirochaetaceae (UID2512)	56	235	124	16	210	9	0	0	0	90.16	3.33	44.44
ERR3684647	f__Spirochaetaceae (UID2512)	56	235	124	0	235	0	0	0	0	100.00	0.00	0.00
ERR3684648	k__Bacteria (UID203)	5449	99	54	83	15	1	0	0	0	16.16	0.17	0.00
ERR3684649	f__Spirochaetaceae (UID2512)	56	235	124	114	113	8	0	0	0	44.34	2.21	25.00
ERR3684650	f__Spirochaetaceae (UID2512)	56	235	124	28	196	11	0	0	0	84.13	4.01	27.27
ERR3684651	k__Bacteria (UID203)	5449	99	54	93	6	0	0	0	0	3.65	0.00	0.00
ERR3684652	f__Spirochaetaceae (UID2512)	56	235	124	1	232	2	0	0	0	99.19	1.21	50.00
ERR3684653	f__Spirochaetaceae (UID2512)	56	235	124	3	224	8	0	0	0	98.76	4.10	62.50
ERR3684654	f__Spirochaetaceae (UID2512)	56	235	124	1	234	0	0	0	0	99.60	0.00	0.00
ERR3684655	f__Spirochaetaceae (UID2512)	56	235	124	7	218	10	0	0	0	95.94	2.35	20.00
ERR3684656	f__Spirochaetaceae (UID2512)	56	235	124	5	219	11	0	0	0	96.75	5.34	45.45
ERR3684657	f__Spirochaetaceae (UID2512)	56	235	124	3	227	5	0	0	0	99.15	1.53	60.00
ERR3684658	f__Spirochaetaceae (UID2512)	56	235	124	6	224	4	1	0	0	96.34	3.25	71.43
ERR3684659	f__Spirochaetaceae (UID2512)	56	235	124	3	226	6	0	0	0	97.58	1.26	50.00
ERR3684660	f__Spirochaetaceae (UID2512)	56	235	124	6	227	2	0	0	0	96.51	1.61	0.00
ERR3684661	f__Spirochaetaceae (UID2512)	56	235	124	2	231	2	0	0	0	99.17	0.97	50.00
ERR3684662	f__Spirochaetaceae (UID2512)	56	235	124	159	73	3	0	0	0	25.27	1.77	0.00
ERR3684663	f__Spirochaetaceae (UID2512)	56	235	124	176	59	0	0	0	0	17.40	0.00	0.00
ERR3684664	f__Spirochaetaceae (UID2512)	56	235	124	72	147	16	0	0	0	70.52	5.98	25.00
ERR3684665	f__Spirochaetaceae (UID2512)	56	235	124	9	222	4	0	0	0	93.93	1.18	25.00
ERR3684666	f__Spirochaetaceae (UID2512)	56	235	124	0	234	1	0	0	0	100.00	0.27	0.00
ERR3684667	f__Spirochaetaceae (UID2512)	56	235	124	10	207	18	0	0	0	94.66	6.65	38.89
ERR3684668	f__Spirochaetaceae (UID2512)	56	235	124	139	94	2	0	0	0	34.98	0.85	50.00
ERR3684669	f__Spirochaetaceae (UID2512)	56	235	124	3	229	3	0	0	0	99.30	0.65	33.33
ERR3684670	f__Spirochaetaceae (UID2512)	56	235	124	47	170	18	0	0	0	75.53	7.48	55.56
ERR3684671	f__Spirochaetaceae (UID2512)	56	235	124	10	216	9	0	0	0	94.19	4.15	22.22
ERR3684672	f__Spirochaetaceae (UID2512)	56	235	124	28	192	15	0	0	0	81.26	5.84	20.00
ERR3684673	f__Spirochaetaceae (UID2512)	56	235	124	8	223	3	1	0	0	95.63	0.77	83.33
ERR3684674	f__Spirochaetaceae (UID2512)	56	235	124	63	167	5	0	0	0	69.26	1.67	40.00
ERR3684675	f__Spirochaetaceae (UID2512)	56	235	124	31	189	15	0	0	0	84.41	6.42	33.33
ERR3684676	f__Spirochaetaceae (UID2512)	56	235	124	14	205	16	0	0	0	92.86	6.68	43.75
ERR3684677	f__Spirochaetaceae (UID2512)	56	235	124	56	170	8	1	0	0	74.11	2.97	18.18
ERR3684678	f__Spirochaetaceae (UID2512)	56	235	124	108	120	7	0	0	0	51.33	2.74	0.00
ERR3684679	f__Spirochaetaceae (UID2512)	56	235	124	76	151	8	0	0	0	68.06	3.84	37.50
ERR3684680	f__Spirochaetaceae (UID2512)	56	235	124	19	207	9	0	0	0	89.75	3.17	11.11
ERR3684681	f__Spirochaetaceae (UID2512)	56	235	124	12	215	7	1	0	0	93.25	2.19	50.00
ERR3684682	f__Spirochaetaceae (UID2512)	56	235	124	32	192	11	0	0	0	85.13	3.90	27.27
ERR3684683	f__Spirochaetaceae (UID2512)	56	235	124	117	114	4	0	0	0	43.92	1.66	0.00
ERR3684684	f__Spirochaetaceae (UID2512)	56	235	124	34	190	11	0	0	0	83.59	3.20	18.18
ERR3684685	f__Spirochaetaceae (UID2512)	56	235	124	24	196	15	0	0	0	87.79	6.87	33.33
ERR3684686	f__Spirochaetaceae (UID2512)	56	235	124	2	229	4	0	0	0	98.39	1.66	75.00
ERR3684687	f__Spirochaetaceae (UID2512)	56	235	124	9	222	4	0	0	0	94.93	2.28	50.00
ERR3684688	f__Spirochaetaceae (UID2512)	56	235	124	181	54	0	0	0	0	18.88	0.00	0.00
ERR3684689	f__Spirochaetaceae (UID2512)	56	235	124	148	87	0	0	0	0	32.24	0.00	0.00
ERR3684690	f__Spirochaetaceae (UID2512)	56	235	124	193	42	0	0	0	0	14.92	0.00	0.00
ERR3684691	k__Bacteria (UID203)	5449	99	54	85	14	0	0	0	0	17.62	0.00	0.00
ERR3684692	f__Spirochaetaceae (UID2512)	56	235	124	165	66	4	0	0	0	30.18	1.30	0.00
ERR3684693	k__Bacteria (UID203)	5449	99	54	80	19	0	0	0	0	17.85	0.00	0.00
ERR3684694	f__Spirochaetaceae (UID2512)	56	235	124	3	227	5	0	0	0	98.74	2.16	20.00
ERR3684695	f__Spirochaetaceae (UID2512)	56	235	124	0	234	1	0	0	0	100.00	0.27	0.00
ERR3684696	f__Spirochaetaceae (UID2512)	56	235	124	3	231	1	0	0	0	98.76	0.12	100.00
ERR3684697	f__Spirochaetaceae (UID2512)	56	235	124	7	215	13	0	0	0	96.32	6.53	38.46
ERR3684698	f__Spirochaetaceae (UID2512)	56	235	124	8	219	8	0	0	0	94.33	2.66	50.00
ERR3684699	f__Spirochaetaceae (UID2512)	56	235	124	56	168	11	0	0	0	74.03	4.45	18.18
ERR3684700	f__Spirochaetaceae (UID2512)	56	235	124	1	233	1	0	0	0	99.97	0.81	100.00
ERR3684701	f__Spirochaetaceae (UID2512)	56	235	124	126	103	6	0	0	0	45.66	1.56	16.67
ERR3684702	f__Spirochaetaceae (UID2512)	56	235	124	2	228	5	0	0	0	98.39	1.15	80.00
ERR3684703	f__Spirochaetaceae (UID2512)	56	235	124	9	215	11	0	0	0	95.51	5.01	18.18
ERR3684704	f__Spirochaetaceae (UID2512)	56	235	124	22	200	13	0	0	0	88.52	4.42	30.77
ERR3684705	k__Bacteria (UID203)	5449	99	54	83	16	0	0	0	0	13.73	0.00	0.00
ERR3684706	f__Spirochaetaceae (UID2512)	56	235	124	1	233	1	0	0	0	99.60	0.27	100.00
ERR3684707	f__Spirochaetaceae (UID2512)	56	235	124	17	201	17	0	0	0	91.69	6.04	47.06
ERR3684708	f__Spirochaetaceae (UID2512)	56	235	124	7	216	12	0	0	0	96.48	5.10	16.67
ERR3684709	f__Spirochaetaceae (UID2512)	56	235	124	77	144	14	0	0	0	61.90	4.23	35.71
ERR3684710	f__Spirochaetaceae (UID2512)	56	235	124	50	172	12	1	0	0	73.18	7.22	33.33
ERR3684711	f__Spirochaetaceae (UID2512)	56	235	124	79	145	11	0	0	0	61.29	3.91	9.09
ERR3684712	f__Spirochaetaceae (UID2512)	56	235	124	23	198	14	0	0	0	89.50	4.88	28.57
ERR3684713	f__Spirochaetaceae (UID2512)	56	235	124	15	207	12	1	0	0	91.01	4.66	13.33
ERR3684714	f__Spirochaetaceae (UID2512)	56	235	124	29	192	14	0	0	0	85.55	4.77	21.43
ERR3684715	f__Spirochaetaceae (UID2512)	56	235	124	103	127	5	0	0	0	55.59	2.74	40.00
ERR3684716	f__Spirochaetaceae (UID2512)	56	235	124	70	151	14	0	0	0	64.95	7.25	28.57
ERR3684717	f__Spirochaetaceae (UID2512)	56	235	124	53	166	16	0	0	0	75.25	3.95	18.75
ERR3684718	f__Spirochaetaceae (UID2512)	56	235	124	21	194	19	1	0	0	87.83	4.12	22.73
ERR3684719	f__Spirochaetaceae (UID2512)	56	235	124	70	152	13	0	0	0	66.23	6.64	7.69
ERR3684720	f__Spirochaetaceae (UID2512)	56	235	124	61	166	8	0	0	0	71.01	1.16	12.50
ERR3684721	f__Spirochaetaceae (UID2512)	56	235	124	35	186	14	0	0	0	82.39	6.78	28.57
ERR3684722	f__Spirochaetaceae (UID2512)	56	235	124	18	200	16	1	0	0	87.99	7.71	15.79
ERR3684723	f__Spirochaetaceae (UID2512)	56	235	124	11	211	13	0	0	0	94.55	3.45	38.46
ERR3684724	f__Spirochaetaceae (UID2512)	56	235	124	6	218	11	0	0	0	97.29	3.82	63.64
ERR3684725	f__Spirochaetaceae (UID2512)	56	235	124	0	235	0	0	0	0	100.00	0.00	0.00
ERR3684726	f__Spirochaetaceae (UID2512)	56	235	124	48	171	16	0	0	0	80.00	7.72	6.25
ERR3684727	f__Spirochaetaceae (UID2512)	56	235	124	16	205	14	0	0	0	91.37	5.33	35.71
ERR3684728	f__Spirochaetaceae (UID2512)	56	235	124	23	194	18	0	0	0	87.78	6.22	27.78
ERR3684729	f__Spirochaetaceae (UID2512)	56	235	124	135	90	10	0	0	0	40.05	3.28	40.00
ERR3684730	f__Spirochaetaceae (UID2512)	56	235	124	132	98	5	0	0	0	41.35	1.94	40.00
ERR3684731	f__Spirochaetaceae (UID2512)	56	235	124	153	77	5	0	0	0	29.36	1.26	20.00
ERR3684732	f__Spirochaetaceae (UID2512)	56	235	124	141	88	6	0	0	0	36.73	1.36	16.67
ERR3684733	f__Spirochaetaceae (UID2512)	56	235	124	110	114	11	0	0	0	49.90	3.60	36.36
ERR3684734	f__Spirochaetaceae (UID2512)	56	235	124	132	94	9	0	0	0	37.77	1.38	33.33
ERR3684735	f__Spirochaetaceae (UID2512)	56	235	124	121	113	1	0	0	0	47.31	0.40	0.00
ERR3684736	f__Spirochaetaceae (UID2512)	56	235	124	189	46	0	0	0	0	17.49	0.00	0.00
ERR3684737	f__Spirochaetaceae (UID2512)	56	235	124	131	102	2	0	0	0	35.96	1.61	50.00
ERR3684738	f__Spirochaetaceae (UID2512)	56	235	124	168	67	0	0	0	0	25.52	0.00	0.00
ERR3684739	f__Spirochaetaceae (UID2512)	56	235	124	17	205	13	0	0	0	91.30	5.39	38.46
ERR3684740	f__Spirochaetaceae (UID2512)	56	235	124	58	166	11	0	0	0	69.17	2.49	36.36
ERR3684741	f__Spirochaetaceae (UID2512)	56	235	124	3	228	4	0	0	0	98.39	0.88	75.00
ERR3684742	f__Spirochaetaceae (UID2512)	56	235	124	24	200	11	0	0	0	88.34	4.58	27.27
ERR3684743	f__Spirochaetaceae (UID2512)	56	235	124	27	190	18	0	0	0	83.86	9.41	55.56
ERR3684744	f__Spirochaetaceae (UID2512)	56	235	124	14	212	9	0	0	0	92.93	3.82	22.22
ERR3684745	f__Spirochaetaceae (UID2512)	56	235	124	15	215	5	0	0	0	90.57	1.04	20.00
ERR3684746	f__Spirochaetaceae (UID2512)	56	235	124	9	215	11	0	0	0	95.07	2.89	27.27
ERR3684747	f__Spirochaetaceae (UID2512)	56	235	124	22	199	14	0	0	0	88.99	6.55	35.71
ERR3684748	f__Spirochaetaceae (UID2512)	56	235	124	6	221	8	0	0	0	97.55	4.70	12.50
ERR3684749	f__Spirochaetaceae (UID2512)	56	235	124	18	202	15	0	0	0	91.65	5.06	33.33
ERR3684750	f__Spirochaetaceae (UID2512)	56	235	124	10	217	8	0	0	0	95.49	3.21	25.00
ERR3684751	f__Spirochaetaceae (UID2512)	56	235	124	47	174	14	0	0	0	76.22	5.93	28.57
ERR3684752	f__Spirochaetaceae (UID2512)	56	235	124	30	186	19	0	0	0	86.06	5.76	42.11
ERR3684753	f__Spirochaetaceae (UID2512)	56	235	124	21	199	14	1	0	0	89.25	4.60	29.41
ERR3684754	f__Spirochaetaceae (UID2512)	56	235	124	104	123	8	0	0	0	51.24	2.61	25.00
ERR3684755	f__Spirochaetaceae (UID2512)	56	235	124	173	61	1	0	0	0	23.92	0.81	0.00
ERR3684756	f__Spirochaetaceae (UID2512)	56	235	124	134	96	5	0	0	0	38.65	1.71	20.00
ERR3684757	f__Spirochaetaceae (UID2512)	56	235	124	169	64	2	0	0	0	23.72	1.01	0.00
ERR3684758	f__Spirochaetaceae (UID2512)	56	235	124	41	183	11	0	0	0	79.12	3.44	18.18
ERR3684759	f__Spirochaetaceae (UID2512)	56	235	124	80	147	7	1	0	0	62.17	3.42	50.00
ERR3684760	f__Spirochaetaceae (UID2512)	56	235	124	126	104	5	0	0	0	43.30	1.67	0.00
ERR3684761	f__Spirochaetaceae (UID2512)	56	235	124	75	151	9	0	0	0	62.09	3.75	0.00
ERR3684762	f__Spirochaetaceae (UID2512)	56	235	124	117	110	8	0	0	0	50.02	2.79	50.00
ERR3684763	f__Spirochaetaceae (UID2512)	56	235	124	73	155	6	1	0	0	64.83	2.14	11.11
ERR3684764	f__Spirochaetaceae (UID2512)	56	235	124	38	183	14	0	0	0	82.34	4.48	21.43
ERR3684765	root (UID1)	5656	56	24	56	0	0	0	0	0	0.00	0.00	0.00
ERR3684766	f__Spirochaetaceae (UID2512)	56	235	124	174	57	4	0	0	0	25.60	1.66	25.00
ERR3684767	f__Spirochaetaceae (UID2512)	56	235	124	168	63	4	0	0	0	27.88	2.06	25.00
ERR3684768	f__Spirochaetaceae (UID2512)	56	235	124	123	108	4	0	0	0	43.10	2.02	25.00
ERR3684769	f__Spirochaetaceae (UID2512)	56	235	124	174	58	3	0	0	0	24.71	0.46	0.00
ERR3684770	f__Spirochaetaceae (UID2512)	56	235	124	126	104	5	0	0	0	41.49	1.91	40.00
ERR3684771	f__Spirochaetaceae (UID2512)	56	235	124	153	81	1	0	0	0	28.42	0.12	0.00
ERR3684772	f__Spirochaetaceae (UID2512)	56	235	124	180	54	1	0	0	0	23.47	0.81	100.00
ERR3684773	f__Spirochaetaceae (UID2512)	56	235	124	166	67	2	0	0	0	26.42	0.83	0.00
ERR3684774	k__Bacteria (UID203)	5449	99	54	94	5	0	0	0	0	4.04	0.00	0.00
ERR3684775	k__Bacteria (UID203)	5449	99	54	83	15	1	0	0	0	20.12	1.85	0.00
ERR3684776	f__Spirochaetaceae (UID2512)	56	235	124	189	45	1	0	0	0	17.58	0.81	100.00
ERR3684777	k__Bacteria (UID203)	5449	99	54	82	16	1	0	0	0	12.83	0.17	0.00
ERR3684778	k__Bacteria (UID203)	5449	99	54	93	4	2	0	0	0	1.46	0.34	50.00
ERR3684779	k__Bacteria (UID203)	5449	99	54	93	6	0	0	0	0	6.26	0.00	0.00
ERR3684780	f__Spirochaetaceae (UID2512)	56	235	124	200	34	1	0	0	0	12.00	0.05	0.00
ERR3684781	k__Bacteria (UID203)	5449	99	54	76	22	1	0	0	0	20.61	1.85	100.00
ERR3699556	f__Spirochaetaceae (UID2512)	56	235	124	10	213	12	0	0	0	96.18	5.05	41.67
ERR3699557	f__Spirochaetaceae (UID2512)	56	235	124	6	217	12	0	0	0	97.73	6.28	50.00
ERR3699558	f__Spirochaetaceae (UID2512)	56	235	124	186	47	2	0	0	0	20.82	0.45	50.00
ERR3699559	f__Spirochaetaceae (UID2512)	56	235	124	18	199	18	0	0	0	90.63	7.49	33.33
ERR3699560	f__Spirochaetaceae (UID2512)	56	235	124	20	201	14	0	0	0	88.56	5.44	28.57
ERR3699561	f__Spirochaetaceae (UID2512)	56	235	124	29	195	11	0	0	0	85.89	3.36	0.00
ERR3699562	f__Spirochaetaceae (UID2512)	56	235	124	18	207	10	0	0	0	87.90	2.89	50.00
ERR3699563	f__Spirochaetaceae (UID2512)	56	235	124	17	202	16	0	0	0	89.95	4.28	25.00
ERR3699564	f__Spirochaetaceae (UID2512)	56	235	124	33	191	11	0	0	0	82.90	3.22	18.18
ERR3699565	f__Spirochaetaceae (UID2512)	56	235	124	97	135	3	0	0	0	57.37	1.81	33.33
ERR3699566	f__Spirochaetaceae (UID2512)	56	235	124	15	208	12	0	0	0	92.78	5.44	33.33
ERR3699567	f__Spirochaetaceae (UID2512)	56	235	124	15	208	12	0	0	0	93.85	4.96	33.33
ERR3699568	f__Spirochaetaceae (UID2512)	56	235	124	18	202	14	1	0	0	88.99	5.96	29.41
ERR3699569	f__Spirochaetaceae (UID2512)	56	235	124	32	190	13	0	0	0	85.26	3.47	15.38
ERR3699570	f__Spirochaetaceae (UID2512)	56	235	124	2	227	6	0	0	0	98.79	2.49	50.00
ERR3699571	f__Spirochaetaceae (UID2512)	56	235	124	32	189	14	0	0	0	85.23	4.48	35.71
ERR3699572	f__Spirochaetaceae (UID2512)	56	235	124	23	199	13	0	0	0	87.69	4.88	46.15
ERR3699573	f__Spirochaetaceae (UID2512)	56	235	124	28	198	9	0	0	0	82.92	2.17	22.22
ERR3699574	f__Spirochaetaceae (UID2512)	56	235	124	36	188	11	0	0	0	80.61	4.66	27.27
ERR3699575	f__Spirochaetaceae (UID2512)	56	235	124	61	159	15	0	0	0	73.01	4.30	26.67
ERR3699576	f__Spirochaetaceae (UID2512)	56	235	124	12	205	18	0	0	0	92.31	7.98	38.89
ERR3699577	k__Bacteria (UID203)	5449	104	58	102	2	0	0	0	0	2.59	0.00	0.00
ERR3699578	f__Spirochaetaceae (UID2512)	56	235	124	60	167	8	0	0	0	65.86	3.58	0.00
ERR3699579	f__Spirochaetaceae (UID2512)	56	235	124	78	149	8	0	0	0	63.49	3.05	50.00
ERR3699580	f__Spirochaetaceae (UID2512)	56	235	124	109	120	6	0	0	0	51.56	1.36	0.00
ERR3699581	f__Spirochaetaceae (UID2512)	56	235	124	27	196	12	0	0	0	86.32	4.25	16.67
ERR3699582	f__Spirochaetaceae (UID2512)	56	235	124	136	98	1	0	0	0	34.84	0.05	0.00
ERR3699583	f__Spirochaetaceae (UID2512)	56	235	124	146	83	6	0	0	0	34.93	4.15	16.67
ERR3699584	f__Spirochaetaceae (UID2512)	56	235	124	127	104	4	0	0	0	43.23	1.91	0.00
ERR3699585	f__Spirochaetaceae (UID2512)	56	235	124	186	49	0	0	0	0	19.33	0.00	0.00
ERR3699586	f__Spirochaetaceae (UID2512)	56	235	124	172	60	3	0	0	0	24.63	0.46	0.00
ERR3699587	f__Spirochaetaceae (UID2512)	56	235	124	184	50	1	0	0	0	15.80	0.40	0.00
ERR3699588	f__Spirochaetaceae (UID2512)	56	235	124	175	59	1	0	0	0	25.73	0.81	100.00
ERR3699589	f__Spirochaetaceae (UID2512)	56	235	124	179	55	1	0	0	0	19.16	0.05	0.00
ERR3699590	f__Spirochaetaceae (UID2512)	56	235	124	99	129	6	1	0	0	54.46	4.08	11.11
ERR3699591	f__Spirochaetaceae (UID2512)	56	235	124	125	103	7	0	0	0	44.69	2.90	14.29
ERR3699592	f__Spirochaetaceae (UID2512)	56	235	124	169	66	0	0	0	0	19.30	0.00	0.00
ERR3699593	f__Spirochaetaceae (UID2512)	56	235	124	178	55	2	0	0	0	20.74	0.94	0.00
ERR3699594	f__Spirochaetaceae (UID2512)	56	235	124	198	36	1	0	0	0	10.56	0.05	0.00
ERR3699595	f__Spirochaetaceae (UID2512)	56	235	124	167	68	0	0	0	0	23.00	0.00	0.00
ERR3699596	f__Spirochaetaceae (UID2512)	56	235	124	176	59	0	0	0	0	21.99	0.00	0.00
ERR3699597	f__Spirochaetaceae (UID2512)	56	235	124	199	35	1	0	0	0	11.98	0.12	0.00
ERR3811624	f__Spirochaetaceae (UID2512)	56	235	124	15	207	13	0	0	0	89.76	5.93	23.08
ERR3811625	f__Spirochaetaceae (UID2512)	56	235	124	9	217	9	0	0	0	94.09	4.24	55.56
ERR3811626	f__Spirochaetaceae (UID2512)	56	235	124	83	143	9	0	0	0	61.76	4.78	22.22
ERR3811627	f__Spirochaetaceae (UID2512)	56	235	124	39	181	15	0	0	0	80.77	5.44	6.67
ERR3811628	f__Spirochaetaceae (UID2512)	56	235	124	13	215	7	0	0	0	93.99	3.95	28.57
ERR3811629	f__Spirochaetaceae (UID2512)	56	235	124	27	195	13	0	0	0	84.42	6.63	7.69
ERR3811630	f__Spirochaetaceae (UID2512)	56	235	124	27	193	15	0	0	0	87.27	6.94	33.33
ERR3811631	f__Spirochaetaceae (UID2512)	56	235	124	11	219	5	0	0	0	93.41	1.24	40.00
ERR3811632	f__Spirochaetaceae (UID2512)	56	235	124	167	66	2	0	0	0	21.60	1.08	0.00
ERR3811633	f__Spirochaetaceae (UID2512)	56	235	124	44	175	16	0	0	0	79.40	7.10	25.00
ERR3811634	f__Spirochaetaceae (UID2512)	56	235	124	42	174	19	0	0	0	78.29	5.86	47.37
ERR3811635	f__Spirochaetaceae (UID2512)	56	235	124	52	169	14	0	0	0	75.61	4.88	21.43
ERR3811636	f__Spirochaetaceae (UID2512)	56	235	124	47	174	14	0	0	0	74.82	4.81	21.43
ERR3811637	k__Bacteria (UID203)	5449	99	54	92	7	0	0	0	0	5.30	0.00	0.00
ERR3811638	f__Spirochaetaceae (UID2512)	56	235	124	174	61	0	0	0	0	23.47	0.00	0.00
ERR3811639	f__Spirochaetaceae (UID2512)	56	235	124	92	135	8	0	0	0	56.92	3.39	12.50
ERR3811640	f__Spirochaetaceae (UID2512)	56	235	124	132	99	4	0	0	0	39.79	1.68	50.00
ERR3811641	f__Spirochaetaceae (UID2512)	56	235	124	72	150	13	0	0	0	69.95	4.99	30.77
ERR3811642	f__Spirochaetaceae (UID2512)	56	235	124	22	203	10	0	0	0	88.37	2.28	0.00
ERR3811643	f__Spirochaetaceae (UID2512)	56	235	124	23	198	14	0	0	0	87.71	5.52	14.29
ERR3811644	f__Spirochaetaceae (UID2512)	56	235	124	101	122	12	0	0	0	49.63	5.27	50.00
ERR3811645	f__Spirochaetaceae (UID2512)	56	235	124	147	85	3	0	0	0	31.95	0.83	33.33
ERR3811646	f__Spirochaetaceae (UID2512)	56	235	124	150	83	2	0	0	0	35.61	0.07	0.00
ERR3811647	f__Spirochaetaceae (UID2512)	56	235	124	129	101	5	0	0	0	43.24	0.73	40.00
ERR3811648	k__Bacteria (UID203)	5449	99	54	73	25	1	0	0	0	29.22	1.85	100.00
ERR3811649	f__Spirochaetaceae (UID2512)	56	235	124	128	104	3	0	0	0	46.07	0.46	33.33
ERR3811650	k__Bacteria (UID203)	5449	99	54	92	7	0	0	0	0	8.32	0.00	0.00
ERR3811651	f__Spirochaetaceae (UID2512)	56	235	124	191	43	1	0	0	0	17.31	0.81	0.00
ERR3811652	k__Bacteria (UID203)	5449	99	54	86	13	0	0	0	0	10.89	0.00	0.00
ERR3811653	f__Spirochaetaceae (UID2512)	56	235	124	172	61	2	0	0	0	26.66	1.21	50.00
ERR3811654	f__Spirochaetaceae (UID2512)	56	235	124	177	55	3	0	0	0	20.30	1.24	66.67
ERR3811655	f__Spirochaetaceae (UID2512)	56	235	124	197	38	0	0	0	0	12.87	0.00	0.00
ERR3811656	k__Bacteria (UID203)	5449	99	54	95	4	0	0	0	0	3.11	0.00	0.00
ERR3811657	k__Bacteria (UID203)	5449	99	54	94	5	0	0	0	0	6.09	0.00	0.00
ERR3811658	f__Spirochaetaceae (UID2512)	56	235	124	141	93	1	0	0	0	37.52	0.20	0.00
ERR3811659	f__Spirochaetaceae (UID2512)	56	235	124	192	42	1	0	0	0	15.64	0.81	0.00
ERR3811660	k__Bacteria (UID203)	5449	99	54	84	14	1	0	0	0	12.46	1.85	0.00
ERR3811661	k__Bacteria (UID203)	5449	99	54	91	8	0	0	0	0	5.88	0.00	0.00
ERR3811662	f__Spirochaetaceae (UID2512)	56	235	124	165	67	3	0	0	0	25.72	1.61	0.00
ERR3811663	f__Spirochaetaceae (UID2512)	56	235	124	175	60	0	0	0	0	21.26	0.00	0.00
ERR3811664	k__Bacteria (UID203)	5449	99	54	91	8	0	0	0	0	8.67	0.00	0.00
ERR3811665	f__Spirochaetaceae (UID2512)	56	235	124	188	46	1	0	0	0	19.71	0.81	0.00
ERR4045376	f__Spirochaetaceae (UID2512)	56	235	124	7	221	7	0	0	0	95.67	1.74	14.29
ERR4045377	f__Spirochaetaceae (UID2512)	56	235	124	5	222	8	0	0	0	97.53	2.90	62.50
ERR4045378	f__Spirochaetaceae (UID2512)	56	235	124	1	234	0	0	0	0	99.60	0.00	0.00
ERR4045379	f__Spirochaetaceae (UID2512)	56	235	124	3	228	4	0	0	0	99.12	2.69	50.00
ERR4045380	f__Spirochaetaceae (UID2512)	56	235	124	1	233	1	0	0	0	99.60	0.81	100.00
ERR4045381	f__Spirochaetaceae (UID2512)	56	235	124	5	227	3	0	0	0	96.77	1.24	100.00
ERR4045382	f__Spirochaetaceae (UID2512)	56	235	124	6	219	10	0	0	0	97.53	2.25	60.00
ERR4045383	f__Spirochaetaceae (UID2512)	56	235	124	0	235	0	0	0	0	100.00	0.00	0.00
ERR4045384	f__Spirochaetaceae (UID2512)	56	235	124	3	225	7	0	0	0	98.74	1.61	71.43
ERR4045385	f__Spirochaetaceae (UID2512)	56	235	124	4	226	4	1	0	0	97.96	3.68	42.86
ERR4045386	f__Spirochaetaceae (UID2512)	56	235	124	0	231	4	0	0	0	100.00	2.28	50.00
ERR4045387	f__Spirochaetaceae (UID2512)	56	235	124	1	234	0	0	0	0	99.60	0.00	0.00
ERR4045388	f__Spirochaetaceae (UID2512)	56	235	124	11	213	11	0	0	0	95.40	5.18	54.55
ERR4045389	f__Spirochaetaceae (UID2512)	56	235	124	4	228	3	0	0	0	98.34	1.12	33.33
ERR4045390	f__Spirochaetaceae (UID2512)	56	235	124	2	231	2	0	0	0	98.39	0.16	0.00
ERR4045391	f__Spirochaetaceae (UID2512)	56	235	124	4	224	7	0	0	0	98.65	1.85	71.43
ERR4045392	f__Spirochaetaceae (UID2512)	56	235	124	3	223	9	0	0	0	97.58	4.02	44.44
ERR4045393	f__Spirochaetaceae (UID2512)	56	235	124	5	225	5	0	0	0	97.29	1.45	40.00
ERR4045394	f__Spirochaetaceae (UID2512)	56	235	124	1	232	2	0	0	0	99.19	1.61	0.00
ERR4045395	f__Spirochaetaceae (UID2512)	56	235	124	0	235	0	0	0	0	100.00	0.00	0.00
ERR4045396	f__Spirochaetaceae (UID2512)	56	235	124	4	228	3	0	0	0	97.31	1.77	33.33
ERR4045397	f__Spirochaetaceae (UID2512)	56	235	124	3	227	5	0	0	0	98.66	2.09	40.00
ERR4853527	f__Spirochaetaceae (UID2512)	56	235	124	0	235	0	0	0	0	100.00	0.00	0.00
ERR4853528	f__Spirochaetaceae (UID2512)	56	235	124	0	235	0	0	0	0	100.00	0.00	0.00
ERR4853529	f__Spirochaetaceae (UID2512)	56	235	124	0	235	0	0	0	0	100.00	0.00	0.00
ERR4853530	f__Spirochaetaceae (UID2512)	56	235	124	0	233	2	0	0	0	100.00	0.92	50.00
ERR4853531	f__Spirochaetaceae (UID2512)	56	235	124	0	235	0	0	0	0	100.00	0.00	0.00
ERR4853532	f__Spirochaetaceae (UID2512)	56	235	124	0	235	0	0	0	0	100.00	0.00	0.00
ERR4853533	f__Spirochaetaceae (UID2512)	56	235	124	1	234	0	0	0	0	99.19	0.00	0.00
ERR4853534	f__Spirochaetaceae (UID2512)	56	235	124	0	235	0	0	0	0	100.00	0.00	0.00
ERR4853535	f__Spirochaetaceae (UID2512)	56	235	124	0	235	0	0	0	0	100.00	0.00	0.00
ERR4853536	f__Spirochaetaceae (UID2512)	56	235	124	2	230	3	0	0	0	98.39	1.66	0.00
ERR4853537	f__Spirochaetaceae (UID2512)	56	235	124	0	235	0	0	0	0	100.00	0.00	0.00
ERR4853538	f__Spirochaetaceae (UID2512)	56	235	124	14	209	11	1	0	0	93.71	4.03	35.71
ERR4853539	f__Spirochaetaceae (UID2512)	56	235	124	5	222	8	0	0	0	98.25	0.54	25.00
ERR4853540	f__Spirochaetaceae (UID2512)	56	235	124	1	233	1	0	0	0	99.97	0.81	0.00
ERR4853541	f__Spirochaetaceae (UID2512)	56	235	124	0	235	0	0	0	0	100.00	0.00	0.00
ERR4853542	f__Spirochaetaceae (UID2512)	56	235	124	0	231	4	0	0	0	100.00	2.15	50.00
ERR4853543	f__Spirochaetaceae (UID2512)	56	235	124	0	235	0	0	0	0	100.00	0.00	0.00
ERR4853544	f__Spirochaetaceae (UID2512)	56	235	124	0	235	0	0	0	0	100.00	0.00	0.00
ERR4853545	f__Spirochaetaceae (UID2512)	56	235	124	0	235	0	0	0	0	100.00	0.00	0.00
ERR4853546	f__Spirochaetaceae (UID2512)	56	235	124	3	224	8	0	0	0	99.28	4.10	50.00
ERR4853547	f__Spirochaetaceae (UID2512)	56	235	124	0	235	0	0	0	0	100.00	0.00	0.00
ERR4853548	f__Spirochaetaceae (UID2512)	56	235	124	16	207	12	0	0	0	92.21	3.67	33.33
ERR4853549	f__Spirochaetaceae (UID2512)	56	235	124	6	219	10	0	0	0	97.02	3.97	40.00
ERR4853550	f__Spirochaetaceae (UID2512)	56	235	124	0	233	2	0	0	0	100.00	0.45	50.00
ERR4853551	f__Spirochaetaceae (UID2512)	56	235	124	0	234	1	0	0	0	100.00	0.81	100.00
ERR4853552	f__Spirochaetaceae (UID2512)	56	235	124	32	192	11	0	0	0	84.19	1.79	45.45
ERR4853553	f__Spirochaetaceae (UID2512)	56	235	124	0	235	0	0	0	0	100.00	0.00	0.00
ERR4853554	f__Spirochaetaceae (UID2512)	56	235	124	0	235	0	0	0	0	100.00	0.00	0.00
ERR4853555	f__Spirochaetaceae (UID2512)	56	235	124	0	235	0	0	0	0	100.00	0.00	0.00
ERR4853556	f__Spirochaetaceae (UID2512)	56	235	124	1	233	0	1	0	0	99.19	0.40	100.00
ERR4853557	f__Spirochaetaceae (UID2512)	56	235	124	21	191	23	0	0	0	90.48	7.94	39.13
ERR4853558	f__Spirochaetaceae (UID2512)	56	235	124	6	218	11	0	0	0	97.10	3.71	18.18
ERR4853559	f__Spirochaetaceae (UID2512)	56	235	124	0	235	0	0	0	0	100.00	0.00	0.00
ERR4853560	f__Spirochaetaceae (UID2512)	56	235	124	0	235	0	0	0	0	100.00	0.00	0.00
ERR4853561	f__Spirochaetaceae (UID2512)	56	235	124	0	235	0	0	0	0	100.00	0.00	0.00
ERR4853562	f__Spirochaetaceae (UID2512)	56	235	124	0	235	0	0	0	0	100.00	0.00	0.00
ERR4853563	f__Spirochaetaceae (UID2512)	56	235	124	2	227	6	0	0	0	98.39	2.09	33.33
ERR4853564	f__Spirochaetaceae (UID2512)	56	235	124	14	208	12	1	0	0	92.35	3.45	40.00
ERR4853565	f__Spirochaetaceae (UID2512)	56	235	124	0	235	0	0	0	0	100.00	0.00	0.00
ERR4853566	f__Spirochaetaceae (UID2512)	56	235	124	0	235	0	0	0	0	100.00	0.00	0.00
ERR4853567	f__Spirochaetaceae (UID2512)	56	235	124	0	235	0	0	0	0	100.00	0.00	0.00
ERR4853568	f__Spirochaetaceae (UID2512)	56	235	124	0	235	0	0	0	0	100.00	0.00	0.00
ERR4853569	f__Spirochaetaceae (UID2512)	56	235	124	0	235	0	0	0	0	100.00	0.00	0.00
ERR4853570	f__Spirochaetaceae (UID2512)	56	235	124	0	235	0	0	0	0	100.00	0.00	0.00
ERR4853571	f__Spirochaetaceae (UID2512)	56	235	124	0	235	0	0	0	0	100.00	0.00	0.00
ERR4853572	f__Spirochaetaceae (UID2512)	56	235	124	0	235	0	0	0	0	100.00	0.00	0.00
ERR4853573	f__Spirochaetaceae (UID2512)	56	235	124	0	235	0	0	0	0	100.00	0.00	0.00
ERR4853574	f__Spirochaetaceae (UID2512)	56	235	124	55	167	13	0	0	0	71.67	4.06	53.85
ERR4853575	f__Spirochaetaceae (UID2512)	56	235	124	27	197	11	0	0	0	86.00	4.39	18.18
ERR4853576	f__Spirochaetaceae (UID2512)	56	235	124	49	171	15	0	0	0	78.74	5.98	13.33
ERR4853577	f__Spirochaetaceae (UID2512)	56	235	124	0	235	0	0	0	0	100.00	0.00	0.00
ERR4853578	f__Spirochaetaceae (UID2512)	56	235	124	7	215	12	1	0	0	95.94	4.11	53.33
ERR4853579	f__Spirochaetaceae (UID2512)	56	235	124	0	235	0	0	0	0	100.00	0.00	0.00
ERR4853580	f__Spirochaetaceae (UID2512)	56	235	124	1	234	0	0	0	0	99.97	0.00	0.00
ERR4853581	f__Spirochaetaceae (UID2512)	56	235	124	114	118	3	0	0	0	47.71	0.86	0.00
ERR4853582	f__Spirochaetaceae (UID2512)	56	235	124	1	234	0	0	0	0	99.97	0.00	0.00
ERR4853583	f__Spirochaetaceae (UID2512)	56	235	124	0	235	0	0	0	0	100.00	0.00	0.00
ERR4853584	f__Spirochaetaceae (UID2512)	56	235	124	0	235	0	0	0	0	100.00	0.00	0.00
ERR4853585	f__Spirochaetaceae (UID2512)	56	235	124	0	235	0	0	0	0	100.00	0.00	0.00
ERR4853586	f__Spirochaetaceae (UID2512)	56	235	124	0	235	0	0	0	0	100.00	0.00	0.00
ERR4853587	f__Spirochaetaceae (UID2512)	56	235	124	0	235	0	0	0	0	100.00	0.00	0.00
ERR4853588	f__Spirochaetaceae (UID2512)	56	235	124	0	235	0	0	0	0	100.00	0.00	0.00
ERR4853589	f__Spirochaetaceae (UID2512)	56	235	124	0	233	2	0	0	0	100.00	0.14	0.00
ERR4853590	f__Spirochaetaceae (UID2512)	56	235	124	0	233	2	0	0	0	100.00	0.14	50.00
ERR4853591	f__Spirochaetaceae (UID2512)	56	235	124	4	226	5	0	0	0	97.96	1.33	40.00
ERR4853592	f__Spirochaetaceae (UID2512)	56	235	124	0	235	0	0	0	0	100.00	0.00	0.00
ERR4853593	f__Spirochaetaceae (UID2512)	56	235	124	0	235	0	0	0	0	100.00	0.00	0.00
ERR4853594	f__Spirochaetaceae (UID2512)	56	235	124	7	223	5	0	0	0	96.48	1.29	60.00
ERR4853595	f__Spirochaetaceae (UID2512)	56	235	124	51	176	8	0	0	0	73.02	2.88	25.00
ERR4853596	f__Spirochaetaceae (UID2512)	56	235	124	0	235	0	0	0	0	100.00	0.00	0.00
ERR4853597	f__Spirochaetaceae (UID2512)	56	235	124	0	235	0	0	0	0	100.00	0.00	0.00
ERR4853598	f__Spirochaetaceae (UID2512)	56	235	124	0	234	1	0	0	0	100.00	0.16	0.00
ERR4853599	f__Spirochaetaceae (UID2512)	56	235	124	0	232	3	0	0	0	100.00	0.32	0.00
ERR4853600	f__Spirochaetaceae (UID2512)	56	235	124	1	230	4	0	0	0	99.19	1.69	25.00
ERR4853601	f__Spirochaetaceae (UID2512)	56	235	124	0	235	0	0	0	0	100.00	0.00	0.00
ERR4853602	f__Spirochaetaceae (UID2512)	56	235	124	0	235	0	0	0	0	100.00	0.00	0.00
ERR4853603	f__Spirochaetaceae (UID2512)	56	235	124	1	230	3	0	1	0	99.19	1.67	44.44
ERR4853604	f__Spirochaetaceae (UID2512)	56	235	124	0	234	1	0	0	0	100.00	0.16	100.00
ERR4853605	f__Spirochaetaceae (UID2512)	56	235	124	0	235	0	0	0	0	100.00	0.00	0.00
ERR4853606	f__Spirochaetaceae (UID2512)	56	235	124	3	228	4	0	0	0	98.39	1.19	75.00
ERR4853607	f__Spirochaetaceae (UID2512)	56	235	124	62	167	6	0	0	0	71.40	3.23	16.67
ERR4853608	f__Spirochaetaceae (UID2512)	56	235	124	10	211	14	0	0	0	94.06	7.00	42.86
ERR4853609	f__Spirochaetaceae (UID2512)	56	235	124	35	182	18	0	0	0	84.39	6.09	16.67
ERR4853610	f__Spirochaetaceae (UID2512)	56	235	124	0	235	0	0	0	0	100.00	0.00	0.00
ERR4853611	f__Spirochaetaceae (UID2512)	56	235	124	0	235	0	0	0	0	100.00	0.00	0.00
ERR4853612	f__Spirochaetaceae (UID2512)	56	235	124	22	203	10	0	0	0	89.27	2.46	50.00
ERR4853613	f__Spirochaetaceae (UID2512)	56	235	124	1	229	5	0	0	0	99.19	1.49	60.00
ERR4853614	f__Spirochaetaceae (UID2512)	56	235	124	0	235	0	0	0	0	100.00	0.00	0.00
ERR4853615	f__Spirochaetaceae (UID2512)	56	235	124	0	235	0	0	0	0	100.00	0.00	0.00
ERR4853616	f__Spirochaetaceae (UID2512)	56	235	124	4	226	5	0	0	0	98.72	2.04	40.00
ERR4853617	f__Spirochaetaceae (UID2512)	56	235	124	2	231	2	0	0	0	99.17	0.07	0.00
ERR4853618	f__Spirochaetaceae (UID2512)	56	235	124	5	227	3	0	0	0	98.62	1.88	33.33
ERR4853619	f__Spirochaetaceae (UID2512)	56	235	124	5	223	7	0	0	0	98.31	2.10	0.00
ERR4853620	f__Spirochaetaceae (UID2512)	56	235	124	0	234	1	0	0	0	100.00	0.12	0.00
ERR4853621	f__Spirochaetaceae (UID2512)	56	235	124	10	215	9	1	0	0	95.78	4.51	58.33
ERR4853622	f__Spirochaetaceae (UID2512)	56	235	124	47	174	14	0	0	0	77.08	5.28	28.57
ERR4853623	f__Spirochaetaceae (UID2512)	56	235	124	1	231	3	0	0	0	99.19	2.42	66.67
ERR4853624	f__Spirochaetaceae (UID2512)	56	235	124	19	206	10	0	0	0	90.44	4.91	30.00
ERR4853625	f__Spirochaetaceae (UID2512)	56	235	124	0	235	0	0	0	0	100.00	0.00	0.00
ERR4853626	f__Spirochaetaceae (UID2512)	56	235	124	24	197	14	0	0	0	88.73	6.22	28.57
ERR4853627	f__Spirochaetaceae (UID2512)	56	235	124	36	188	11	0	0	0	79.66	2.73	27.27
ERR4853628	f__Spirochaetaceae (UID2512)	56	235	124	23	203	9	0	0	0	87.85	3.15	33.33
ERR4853629	f__Spirochaetaceae (UID2512)	56	235	124	1	233	1	0	0	0	99.97	0.05	100.00
ERR4853630	f__Spirochaetaceae (UID2512)	56	235	124	10	213	12	0	0	0	93.93	4.77	16.67
ERR4853631	f__Spirochaetaceae (UID2512)	56	235	124	0	235	0	0	0	0	100.00	0.00	0.00
ERR4853632	f__Spirochaetaceae (UID2512)	56	235	124	84	146	5	0	0	0	70.10	3.39	20.00
ERR4853633	f__Spirochaetaceae (UID2512)	56	235	124	11	217	7	0	0	0	95.71	2.03	42.86
ERR4853634	f__Spirochaetaceae (UID2512)	56	235	124	25	202	8	0	0	0	85.49	1.57	12.50
ERR4853635	f__Spirochaetaceae (UID2512)	56	235	124	17	211	7	0	0	0	90.79	1.49	14.29
ERR4853636	f__Spirochaetaceae (UID2512)	56	235	124	17	208	10	0	0	0	91.58	4.23	20.00
ERR4853637	f__Spirochaetaceae (UID2512)	56	235	124	55	174	6	0	0	0	79.10	2.29	16.67
ERR4853638	f__Spirochaetaceae (UID2512)	56	235	124	57	163	15	0	0	0	71.85	5.24	46.67
ERR4853639	f__Spirochaetaceae (UID2512)	56	235	124	103	125	7	0	0	0	53.11	2.74	57.14
ERR4853640	f__Spirochaetaceae (UID2512)	56	235	124	1	231	3	0	0	0	99.19	1.10	66.67
ERR4853641	f__Spirochaetaceae (UID2512)	56	235	124	0	233	2	0	0	0	100.00	1.21	50.00
ERR4853642	f__Spirochaetaceae (UID2512)	56	235	124	50	171	14	0	0	0	74.70	4.63	21.43
ERR4853643	f__Spirochaetaceae (UID2512)	56	235	124	0	235	0	0	0	0	100.00	0.00	0.00
ERR4853644	f__Spirochaetaceae (UID2512)	56	235	124	1	231	3	0	0	0	99.19	1.10	33.33
ERR4853645	f__Spirochaetaceae (UID2512)	56	235	124	0	235	0	0	0	0	100.00	0.00	0.00
ERR4853646	f__Spirochaetaceae (UID2512)	56	235	124	62	157	16	0	0	0	71.65	5.58	18.75
ERR4853647	f__Spirochaetaceae (UID2512)	56	235	124	9	214	11	1	0	0	95.27	5.85	57.14
ERR4853648	f__Spirochaetaceae (UID2512)	56	235	124	3	221	11	0	0	0	98.76	3.94	18.18
ERR4853649	f__Spirochaetaceae (UID2512)	56	235	124	46	178	11	0	0	0	78.77	4.65	27.27
ERR4853650	f__Spirochaetaceae (UID2512)	56	235	124	20	205	10	0	0	0	90.84	1.39	50.00
ERR4853651	f__Spirochaetaceae (UID2512)	56	235	124	0	235	0	0	0	0	100.00	0.00	0.00
ERR4853652	f__Spirochaetaceae (UID2512)	56	235	124	0	235	0	0	0	0	100.00	0.00	0.00
ERR4853653	f__Spirochaetaceae (UID2512)	56	235	124	1	233	1	0	0	0	99.19	0.40	100.00
ERR4853654	f__Spirochaetaceae (UID2512)	56	235	124	47	177	11	0	0	0	76.02	4.39	45.45
ERR4853655	f__Spirochaetaceae (UID2512)	56	235	124	29	196	10	0	0	0	88.92	4.48	30.00
ERR4853656	f__Spirochaetaceae (UID2512)	56	235	124	94	133	8	0	0	0	59.59	2.23	37.50
ERR4853657	f__Spirochaetaceae (UID2512)	56	235	124	31	195	9	0	0	0	87.37	2.35	33.33
ERR4853658	f__Spirochaetaceae (UID2512)	56	235	124	6	224	5	0	0	0	95.94	1.42	80.00
ERR4853659	f__Spirochaetaceae (UID2512)	56	235	124	13	211	11	0	0	0	94.12	2.33	18.18
ERR4853660	f__Spirochaetaceae (UID2512)	56	235	124	101	124	10	0	0	0	56.29	3.88	20.00
ERR4853661	f__Spirochaetaceae (UID2512)	56	235	124	2	231	2	0	0	0	98.79	1.61	50.00
ERR4853662	f__Spirochaetaceae (UID2512)	56	235	124	0	234	1	0	0	0	100.00	0.81	100.00
ERR4853663	f__Spirochaetaceae (UID2512)	56	235	124	0	232	3	0	0	0	100.00	1.08	33.33
ERR4853664	f__Spirochaetaceae (UID2512)	56	235	124	2	230	3	0	0	0	99.17	0.79	33.33
ERR4853665	f__Spirochaetaceae (UID2512)	56	235	124	0	235	0	0	0	0	100.00	0.00	0.00
ERR4853666	f__Spirochaetaceae (UID2512)	56	235	124	4	227	4	0	0	0	98.36	1.30	75.00
ERR4853667	f__Spirochaetaceae (UID2512)	56	235	124	0	234	1	0	0	0	100.00	0.05	0.00
ERR4853668	f__Spirochaetaceae (UID2512)	56	235	124	1	233	1	0	0	0	99.97	0.81	0.00
ERR4853669	f__Spirochaetaceae (UID2512)	56	235	124	35	189	11	0	0	0	82.41	3.42	9.09
ERR4853670	f__Spirochaetaceae (UID2512)	56	235	124	0	235	0	0	0	0	100.00	0.00	0.00
ERR4853671	f__Spirochaetaceae (UID2512)	56	235	124	7	223	5	0	0	0	96.17	0.47	20.00
ERR4853672	f__Spirochaetaceae (UID2512)	56	235	124	0	234	1	0	0	0	100.00	0.81	0.00
ERR4853673	f__Spirochaetaceae (UID2512)	56	235	124	6	218	11	0	0	0	98.04	4.30	18.18
ERR4853674	f__Spirochaetaceae (UID2512)	56	235	124	0	235	0	0	0	0	100.00	0.00	0.00
ERR4853675	f__Spirochaetaceae (UID2512)	56	235	124	9	215	11	0	0	0	96.36	5.34	27.27
ERR4853676	f__Spirochaetaceae (UID2512)	56	235	124	0	232	3	0	0	0	100.00	1.02	33.33
ERR4853677	f__Spirochaetaceae (UID2512)	56	235	124	2	230	3	0	0	0	99.17	2.02	66.67
ERR4853678	f__Spirochaetaceae (UID2512)	56	235	124	2	228	5	0	0	0	99.93	1.73	60.00
ERR4853679	f__Spirochaetaceae (UID2512)	56	235	124	0	235	0	0	0	0	100.00	0.00	0.00
ERR4853680	f__Spirochaetaceae (UID2512)	56	235	124	3	224	8	0	0	0	98.88	3.62	25.00
ERR4853681	f__Spirochaetaceae (UID2512)	56	235	124	1	229	5	0	0	0	99.97	2.16	20.00
ERR4853682	f__Spirochaetaceae (UID2512)	56	235	124	1	229	5	0	0	0	99.97	1.76	60.00
ERR4853683	f__Spirochaetaceae (UID2512)	56	235	124	5	226	4	0	0	0	96.51	1.69	0.00
ERR4853684	f__Spirochaetaceae (UID2512)	56	235	124	0	235	0	0	0	0	100.00	0.00	0.00
ERR4853685	f__Spirochaetaceae (UID2512)	56	235	124	71	155	9	0	0	0	67.54	3.28	11.11
ERR4853686	f__Spirochaetaceae (UID2512)	56	235	124	32	190	13	0	0	0	82.13	5.80	30.77
ERR4899197	f__Spirochaetaceae (UID2512)	56	235	124	1	233	1	0	0	0	99.97	0.81	0.00
ERR4899198	f__Spirochaetaceae (UID2512)	56	235	124	0	235	0	0	0	0	100.00	0.00	0.00
ERR4899199	f__Spirochaetaceae (UID2512)	56	235	124	9	214	12	0	0	0	96.18	4.40	50.00
ERR4899200	f__Spirochaetaceae (UID2512)	56	235	124	0	235	0	0	0	0	100.00	0.00	0.00
ERR4899201	f__Spirochaetaceae (UID2512)	56	235	124	0	235	0	0	0	0	100.00	0.00	0.00
ERR4899202	f__Spirochaetaceae (UID2512)	56	235	124	0	235	0	0	0	0	100.00	0.00	0.00
ERR4899203	f__Spirochaetaceae (UID2512)	56	235	124	0	235	0	0	0	0	100.00	0.00	0.00
ERR4899204	f__Spirochaetaceae (UID2512)	56	235	124	0	235	0	0	0	0	100.00	0.00	0.00
ERR4899205	f__Spirochaetaceae (UID2512)	56	235	124	25	197	13	0	0	0	88.22	5.52	30.77
ERR4899206	f__Spirochaetaceae (UID2512)	56	235	124	0	233	2	0	0	0	100.00	0.25	50.00
ERR4899207	f__Spirochaetaceae (UID2512)	56	235	124	42	175	18	0	0	0	80.43	5.74	27.78
ERR4899208	f__Spirochaetaceae (UID2512)	56	235	124	50	183	2	0	0	0	79.27	0.67	50.00
ERR4899209	f__Spirochaetaceae (UID2512)	56	235	124	1	231	3	0	0	0	99.97	0.72	66.67
ERR4899210	f__Spirochaetaceae (UID2512)	56	235	124	1	234	0	0	0	0	99.19	0.00	0.00
ERR4899211	f__Spirochaetaceae (UID2512)	56	235	124	2	232	1	0	0	0	99.71	0.12	0.00
ERR4899212	f__Spirochaetaceae (UID2512)	56	235	124	4	226	5	0	0	0	98.34	2.04	0.00
ERR4899213	f__Spirochaetaceae (UID2512)	56	235	124	0	235	0	0	0	0	100.00	0.00	0.00
ERR4899214	f__Spirochaetaceae (UID2512)	56	235	124	1	232	2	0	0	0	99.19	0.81	100.00
ERR4899215	f__Spirochaetaceae (UID2512)	56	235	124	0	235	0	0	0	0	100.00	0.00	0.00
ERR4899216	f__Spirochaetaceae (UID2512)	56	235	124	0	235	0	0	0	0	100.00	0.00	0.00
ERR4899217	f__Spirochaetaceae (UID2512)	56	235	124	0	235	0	0	0	0	100.00	0.00	0.00
ERR4899218	f__Spirochaetaceae (UID2512)	56	235	124	29	183	23	0	0	0	87.34	6.67	8.70
ERR4899219	f__Spirochaetaceae (UID2512)	56	235	124	55	167	13	0	0	0	74.04	4.25	30.77
ERR4899220	f__Spirochaetaceae (UID2512)	56	235	124	95	132	8	0	0	0	57.19	3.57	25.00
ERR4899221	f__Spirochaetaceae (UID2512)	56	235	124	7	213	14	1	0	0	95.54	8.36	35.29
ERR4899222	f__Spirochaetaceae (UID2512)	56	235	124	1	231	3	0	0	0	99.97	1.61	66.67
ERR4899223	f__Spirochaetaceae (UID2512)	56	235	124	16	208	11	0	0	0	92.94	3.74	0.00
ERR4899224	f__Spirochaetaceae (UID2512)	56	235	124	1	232	2	0	0	0	99.19	0.32	50.00
ERR4899225	f__Spirochaetaceae (UID2512)	56	235	124	38	176	21	0	0	0	83.50	7.37	23.81
ERR4899226	f__Spirochaetaceae (UID2512)	56	235	124	3	229	3	0	0	0	97.98	0.43	33.33
ERR4899227	f__Spirochaetaceae (UID2512)	56	235	124	0	232	3	0	0	0	100.00	0.70	33.33
ERR4899228	f__Spirochaetaceae (UID2512)	56	235	124	4	226	4	1	0	0	98.09	3.00	85.71
ERR4899229	f__Spirochaetaceae (UID2512)	56	235	124	9	218	8	0	0	0	96.09	3.06	25.00
ERR4899230	f__Spirochaetaceae (UID2512)	56	235	124	0	235	0	0	0	0	100.00	0.00	0.00
ERR4899231	f__Spirochaetaceae (UID2512)	56	235	124	0	235	0	0	0	0	100.00	0.00	0.00
ERR4899232	f__Spirochaetaceae (UID2512)	56	235	124	140	88	7	0	0	0	40.22	3.70	28.57
ERR4899233	f__Spirochaetaceae (UID2512)	56	235	124	26	196	13	0	0	0	85.99	4.61	23.08
ERR4899234	f__Spirochaetaceae (UID2512)	56	235	124	10	219	6	0	0	0	96.20	3.34	16.67
ERR4899235	f__Spirochaetaceae (UID2512)	56	235	124	13	210	11	1	0	0	94.79	5.89	42.86
ERR4899236	f__Spirochaetaceae (UID2512)	56	235	124	1	231	3	0	0	0	99.60	0.57	33.33
ERR4899237	f__Spirochaetaceae (UID2512)	56	235	124	5	219	11	0	0	0	97.84	4.34	27.27
ERR4899238	f__Spirochaetaceae (UID2512)	56	235	124	161	71	2	1	0	0	31.94	1.69	80.00
ERR4899239	f__Spirochaetaceae (UID2512)	56	235	124	21	207	7	0	0	0	88.08	1.90	0.00
ERR4899240	f__Spirochaetaceae (UID2512)	56	235	124	79	144	12	0	0	0	62.89	4.21	8.33
ERR4899241	f__Spirochaetaceae (UID2512)	56	235	124	0	234	1	0	0	0	100.00	0.81	0.00
ERR4899242	f__Spirochaetaceae (UID2512)	56	235	124	2	228	5	0	0	0	98.39	1.62	40.00
ERR4899243	f__Spirochaetaceae (UID2512)	56	235	124	0	235	0	0	0	0	100.00	0.00	0.00
ERR4899244	f__Spirochaetaceae (UID2512)	56	235	124	70	157	8	0	0	0	67.80	2.68	25.00
ERR4899245	f__Spirochaetaceae (UID2512)	56	235	124	0	235	0	0	0	0	100.00	0.00	0.00
ERR4899246	f__Spirochaetaceae (UID2512)	56	235	124	9	211	14	1	0	0	96.76	5.00	35.29
ERR4993349	f__Spirochaetaceae (UID2512)	56	235	124	0	235	0	0	0	0	100.00	0.00	0.00
ERR4993350	f__Spirochaetaceae (UID2512)	56	235	124	0	235	0	0	0	0	100.00	0.00	0.00
ERR4993351	f__Spirochaetaceae (UID2512)	56	235	124	0	235	0	0	0	0	100.00	0.00	0.00
ERR4993352	f__Spirochaetaceae (UID2512)	56	235	124	0	235	0	0	0	0	100.00	0.00	0.00
ERR4993353	f__Spirochaetaceae (UID2512)	56	235	124	0	235	0	0	0	0	100.00	0.00	0.00
ERR4993354	f__Spirochaetaceae (UID2512)	56	235	124	0	235	0	0	0	0	100.00	0.00	0.00
ERR4993355	f__Spirochaetaceae (UID2512)	56	235	124	0	235	0	0	0	0	100.00	0.00	0.00
ERR4993357	f__Spirochaetaceae (UID2512)	56	235	124	0	235	0	0	0	0	100.00	0.00	0.00
ERR4993358	f__Spirochaetaceae (UID2512)	56	235	124	0	235	0	0	0	0	100.00	0.00	0.00
ERR4993359	f__Spirochaetaceae (UID2512)	56	235	124	0	235	0	0	0	0	100.00	0.00	0.00
ERR4993360	f__Spirochaetaceae (UID2512)	56	235	124	1	234	0	0	0	0	99.97	0.00	0.00
ERR4993361	f__Spirochaetaceae (UID2512)	56	235	124	0	235	0	0	0	0	100.00	0.00	0.00
ERR4993362	f__Spirochaetaceae (UID2512)	56	235	124	0	235	0	0	0	0	100.00	0.00	0.00
ERR5206964	f__Spirochaetaceae (UID2512)	56	235	124	36	187	12	0	0	0	85.31	4.72	25.00
ERR5206965	f__Spirochaetaceae (UID2512)	56	235	124	109	121	5	0	0	0	56.87	2.45	40.00
ERR5206966	f__Spirochaetaceae (UID2512)	56	235	124	47	173	15	0	0	0	78.66	5.33	33.33
ERR5206967	f__Spirochaetaceae (UID2512)	56	235	124	48	177	10	0	0	0	79.88	2.86	10.00
ERR5206968	f__Spirochaetaceae (UID2512)	56	235	124	45	182	8	0	0	0	84.81	3.39	37.50
ERR5206969	f__Spirochaetaceae (UID2512)	56	235	124	48	171	16	0	0	0	81.42	7.59	31.25
ERR5206970	f__Spirochaetaceae (UID2512)	56	235	124	2	227	6	0	0	0	98.39	1.98	16.67
ERR5206971	f__Spirochaetaceae (UID2512)	56	235	124	39	188	8	0	0	0	83.54	2.43	50.00
ERR5206972	f__Spirochaetaceae (UID2512)	56	235	124	6	221	8	0	0	0	97.50	1.85	12.50
ERR5206973	f__Spirochaetaceae (UID2512)	56	235	124	100	132	2	1	0	0	59.20	2.42	80.00
ERR5206974	f__Spirochaetaceae (UID2512)	56	235	124	10	219	6	0	0	0	96.00	1.31	33.33
ERR5206975	f__Spirochaetaceae (UID2512)	56	235	124	57	167	11	0	0	0	74.86	4.85	18.18
ERR5206976	f__Spirochaetaceae (UID2512)	56	235	124	20	204	11	0	0	0	90.22	4.07	18.18
ERR5206977	f__Spirochaetaceae (UID2512)	56	235	124	104	122	9	0	0	0	58.70	2.94	11.11
ERR5206978	f__Spirochaetaceae (UID2512)	56	235	124	51	170	14	0	0	0	80.71	4.45	28.57
ERR5206979	f__Spirochaetaceae (UID2512)	56	235	124	43	180	12	0	0	0	82.32	4.19	33.33
ERR5206980	f__Spirochaetaceae (UID2512)	56	235	124	37	188	10	0	0	0	84.12	3.65	40.00
ERR5206981	f__Spirochaetaceae (UID2512)	56	235	124	19	207	9	0	0	0	91.26	2.70	0.00
ERR5206982	f__Spirochaetaceae (UID2512)	56	235	124	58	168	9	0	0	0	74.33	3.55	33.33
ERR5206983	f__Spirochaetaceae (UID2512)	56	235	124	109	119	7	0	0	0	60.88	4.15	14.29
ERR5206984	f__Spirochaetaceae (UID2512)	56	235	124	13	219	3	0	0	0	94.09	0.48	33.33
ERR5206985	f__Spirochaetaceae (UID2512)	56	235	124	83	147	5	0	0	0	68.56	2.45	20.00
ERR5206986	f__Spirochaetaceae (UID2512)	56	235	124	38	188	9	0	0	0	82.54	5.32	22.22
ERR5206987	f__Spirochaetaceae (UID2512)	56	235	124	63	163	9	0	0	0	71.19	3.24	33.33
ERR5206988	f__Spirochaetaceae (UID2512)	56	235	124	45	186	4	0	0	0	84.14	3.23	25.00
ERR5206989	f__Spirochaetaceae (UID2512)	56	235	124	39	193	3	0	0	0	85.79	1.64	0.00
ERR5206990	f__Spirochaetaceae (UID2512)	56	235	124	1	234	0	0	0	0	99.97	0.00	0.00
ERR5206991	f__Spirochaetaceae (UID2512)	56	235	124	21	205	9	0	0	0	91.06	3.26	55.56
ERR5206992	f__Spirochaetaceae (UID2512)	56	235	124	29	187	19	0	0	0	86.44	6.50	36.84
ERR5206993	f__Spirochaetaceae (UID2512)	56	235	124	15	209	11	0	0	0	91.35	4.51	27.27
ERR5206994	f__Spirochaetaceae (UID2512)	56	235	124	31	197	7	0	0	0	86.33	3.35	28.57
ERR5206995	f__Spirochaetaceae (UID2512)	56	235	124	20	206	9	0	0	0	92.52	3.28	11.11
ERR5206996	f__Spirochaetaceae (UID2512)	56	235	124	70	160	5	0	0	0	69.83	1.42	40.00
ERR5206997	f__Spirochaetaceae (UID2512)	56	235	124	86	141	8	0	0	0	69.92	4.22	12.50
ERR5206998	f__Spirochaetaceae (UID2512)	56	235	124	53	176	6	0	0	0	75.56	2.54	33.33
ERR5206999	f__Spirochaetaceae (UID2512)	56	235	124	67	160	8	0	0	0	72.87	3.84	37.50
ERR5207000	f__Spirochaetaceae (UID2512)	56	235	124	73	148	14	0	0	0	68.36	7.38	21.43
ERR5207001	f__Spirochaetaceae (UID2512)	56	235	124	63	164	8	0	0	0	72.13	3.59	37.50
ERR5207002	f__Spirochaetaceae (UID2512)	56	235	124	77	152	6	0	0	0	69.89	2.10	0.00
ERR5207003	f__Spirochaetaceae (UID2512)	56	235	124	0	234	1	0	0	0	100.00	0.40	100.00
ERR5207004	f__Spirochaetaceae (UID2512)	56	235	124	28	196	11	0	0	0	87.76	3.20	36.36
ERR5207005	f__Spirochaetaceae (UID2512)	56	235	124	1	232	2	0	0	0	99.97	0.28	0.00
ERR5207006	f__Spirochaetaceae (UID2512)	56	235	124	7	224	4	0	0	0	97.81	1.69	75.00
ERR5207007	f__Spirochaetaceae (UID2512)	56	235	124	0	235	0	0	0	0	100.00	0.00	0.00
ERR5207008	f__Spirochaetaceae (UID2512)	56	235	124	0	233	2	0	0	0	100.00	0.52	50.00
ERR5207009	f__Spirochaetaceae (UID2512)	56	235	124	0	235	0	0	0	0	100.00	0.00	0.00
ERR5207010	f__Spirochaetaceae (UID2512)	56	235	124	0	233	2	0	0	0	100.00	0.85	50.00
ERR5207011	f__Spirochaetaceae (UID2512)	56	235	124	0	235	0	0	0	0	100.00	0.00	0.00
ERR5207012	f__Spirochaetaceae (UID2512)	56	235	124	0	235	0	0	0	0	100.00	0.00	0.00
ERR5207013	f__Spirochaetaceae (UID2512)	56	235	124	7	220	8	0	0	0	96.18	3.06	25.00
ERR5207014	f__Spirochaetaceae (UID2512)	56	235	124	5	225	5	0	0	0	98.39	2.22	80.00
ERR5207015	f__Spirochaetaceae (UID2512)	56	235	124	1	230	4	0	0	0	99.97	1.08	75.00
ERR5207016	f__Spirochaetaceae (UID2512)	56	235	124	5	225	5	0	0	0	97.98	1.13	20.00
ERR5207017	f__Spirochaetaceae (UID2512)	56	235	124	0	235	0	0	0	0	100.00	0.00	0.00
ERR5207018	f__Spirochaetaceae (UID2512)	56	235	124	1	234	0	0	0	0	99.97	0.00	0.00
ERR5207019	f__Spirochaetaceae (UID2512)	56	235	124	0	235	0	0	0	0	100.00	0.00	0.00
ERR5207020	f__Spirochaetaceae (UID2512)	56	235	124	0	234	1	0	0	0	100.00	0.03	100.00
ERR5207021	f__Spirochaetaceae (UID2512)	56	235	124	29	197	9	0	0	0	85.24	4.86	11.11
ERR5207022	f__Spirochaetaceae (UID2512)	56	235	124	12	215	8	0	0	0	93.25	1.88	50.00
ERR5207023	f__Spirochaetaceae (UID2512)	56	235	124	32	190	12	1	0	0	84.75	5.97	33.33
ERR5207024	f__Spirochaetaceae (UID2512)	56	235	124	64	165	6	0	0	0	71.17	2.88	16.67
ERR5207025	f__Spirochaetaceae (UID2512)	56	235	124	1	233	1	0	0	0	99.19	0.16	0.00
ERR5207026	f__Spirochaetaceae (UID2512)	56	235	124	0	234	1	0	0	0	100.00	0.16	100.00
ERR5207027	f__Spirochaetaceae (UID2512)	56	235	124	1	234	0	0	0	0	99.97	0.00	0.00
ERR5207028	f__Spirochaetaceae (UID2512)	56	235	124	0	232	2	1	0	0	100.00	1.88	60.00
ERR5207029	f__Spirochaetaceae (UID2512)	56	235	124	0	235	0	0	0	0	100.00	0.00	0.00
ERR5207030	f__Spirochaetaceae (UID2512)	56	235	124	1	227	7	0	0	0	99.97	2.19	28.57
ERR5207031	f__Spirochaetaceae (UID2512)	56	235	124	0	235	0	0	0	0	100.00	0.00	0.00
ERR5207032	f__Spirochaetaceae (UID2512)	56	235	124	1	234	0	0	0	0	99.97	0.00	0.00
ERR5207033	f__Spirochaetaceae (UID2512)	56	235	124	20	204	11	0	0	0	88.99	4.81	36.36
ERR5207034	f__Spirochaetaceae (UID2512)	56	235	124	2	232	1	0	0	0	99.15	0.05	0.00
ERR5210563	f__Spirochaetaceae (UID2512)	56	235	124	1	229	5	0	0	0	99.73	1.47	40.00
ERR5210564	f__Spirochaetaceae (UID2512)	56	235	124	16	209	10	0	0	0	92.71	2.73	30.00
ERR5210565	f__Spirochaetaceae (UID2512)	56	235	124	15	206	13	1	0	0	92.28	3.79	25.00
ERR5210566	f__Spirochaetaceae (UID2512)	56	235	124	31	191	13	0	0	0	85.12	6.15	23.08
ERR5210567	f__Spirochaetaceae (UID2512)	56	235	124	11	213	11	0	0	0	94.87	4.65	45.45
ERR5210568	f__Spirochaetaceae (UID2512)	56	235	124	0	235	0	0	0	0	100.00	0.00	0.00
ERR5210569	f__Spirochaetaceae (UID2512)	56	235	124	0	235	0	0	0	0	100.00	0.00	0.00
ERR5210570	f__Spirochaetaceae (UID2512)	56	235	124	0	235	0	0	0	0	100.00	0.00	0.00
ERR5210571	f__Spirochaetaceae (UID2512)	56	235	124	31	189	15	0	0	0	88.27	5.40	13.33
ERR5210572	f__Spirochaetaceae (UID2512)	56	235	124	0	235	0	0	0	0	100.00	0.00	0.00
ERR5210573	f__Spirochaetaceae (UID2512)	56	235	124	37	181	16	1	0	0	80.56	7.79	21.05
ERR5210574	f__Spirochaetaceae (UID2512)	56	235	124	5	221	8	0	1	0	97.55	4.15	64.29
ERR5210575	f__Spirochaetaceae (UID2512)	56	235	124	0	234	1	0	0	0	100.00	0.40	100.00
ERR5210576	f__Spirochaetaceae (UID2512)	56	235	124	1	233	1	0	0	0	99.97	0.27	100.00
ERR5210577	f__Spirochaetaceae (UID2512)	56	235	124	1	234	0	0	0	0	99.97	0.00	0.00
ERR5210578	f__Spirochaetaceae (UID2512)	56	235	124	1	234	0	0	0	0	99.19	0.00	0.00
ERR5210579	f__Spirochaetaceae (UID2512)	56	235	124	0	235	0	0	0	0	100.00	0.00	0.00
ERR5210580	f__Spirochaetaceae (UID2512)	56	235	124	22	202	11	0	0	0	89.84	3.53	27.27
ERR5210581	f__Spirochaetaceae (UID2512)	56	235	124	0	235	0	0	0	0	100.00	0.00	0.00
ERR5210582	f__Spirochaetaceae (UID2512)	56	235	124	0	235	0	0	0	0	100.00	0.00	0.00
ERR5210583	f__Spirochaetaceae (UID2512)	56	235	124	1	234	0	0	0	0	99.97	0.00	0.00
ERR5210584	f__Spirochaetaceae (UID2512)	56	235	124	0	235	0	0	0	0	100.00	0.00	0.00
ERR5312309	k__Bacteria (UID203)	5449	99	54	75	24	0	0	0	0	33.33	0.00	0.00
ERR5312310	k__Bacteria (UID203)	5449	99	54	80	18	1	0	0	0	25.79	1.85	0.00
ERR5312311	k__Bacteria (UID203)	5449	99	54	58	37	4	0	0	0	55.44	6.48	50.00
ERR5312312	f__Spirochaetaceae (UID2512)	56	235	124	138	95	2	0	0	0	45.70	1.01	50.00
ERR5312313	k__Bacteria (UID203)	5449	99	54	82	17	0	0	0	0	21.04	0.00	0.00
ERR5312314	f__Spirochaetaceae (UID2512)	56	235	124	128	100	7	0	0	0	47.59	3.36	28.57
ERR5312315	f__Spirochaetaceae (UID2512)	56	235	124	146	84	5	0	0	0	37.95	1.64	0.00
ERR5312316	f__Spirochaetaceae (UID2512)	56	235	124	144	88	3	0	0	0	43.36	1.41	33.33
ERR5312317	f__Spirochaetaceae (UID2512)	56	235	124	127	102	6	0	0	0	47.73	2.51	50.00
ERR5312318	k__Bacteria (UID203)	5449	99	54	85	14	0	0	0	0	17.90	0.00	0.00
ERR5312319	f__Spirochaetaceae (UID2512)	56	235	124	126	106	3	0	0	0	48.11	1.81	0.00
ERR5312320	f__Spirochaetaceae (UID2512)	56	235	124	138	93	4	0	0	0	46.27	2.02	25.00
ERR5312321	f__Spirochaetaceae (UID2512)	56	235	124	146	84	5	0	0	0	44.30	1.18	60.00
ERR5312322	f__Spirochaetaceae (UID2512)	56	235	124	166	66	3	0	0	0	31.41	1.41	33.33
ERR5312323	f__Spirochaetaceae (UID2512)	56	235	124	170	62	3	0	0	0	30.26	1.41	33.33
ERR5312324	root (UID1)	5656	56	24	56	0	0	0	0	0	0.00	0.00	0.00
ERR5312325	f__Spirochaetaceae (UID2512)	56	235	124	128	102	5	0	0	0	45.31	3.63	0.00
ERR5312327	k__Bacteria (UID203)	5449	99	54	93	6	0	0	0	0	9.26	0.00	0.00
ERR5312328	k__Bacteria (UID203)	5449	99	54	68	29	2	0	0	0	39.76	2.78	0.00
ERR5312329	k__Bacteria (UID203)	5449	99	54	77	22	0	0	0	0	29.78	0.00	0.00
ERR5312330	k__Bacteria (UID203)	5449	99	54	77	21	1	0	0	0	30.58	0.93	100.00
ERR5312331	f__Spirochaetaceae (UID2512)	56	235	124	143	90	2	0	0	0	37.90	1.21	100.00
ERR5312332	k__Bacteria (UID203)	5449	99	54	81	17	1	0	0	0	23.18	0.93	100.00
ERR5312333	k__Bacteria (UID203)	5449	99	54	74	24	1	0	0	0	34.74	1.85	0.00
ERR5312334	k__Bacteria (UID203)	5449	99	54	83	16	0	0	0	0	21.36	0.00	0.00
ERR5312335	k__Bacteria (UID203)	5449	99	54	80	19	0	0	0	0	26.57	0.00	0.00
ERR5312336	k__Bacteria (UID203)	5449	99	54	79	19	1	0	0	0	23.20	0.17	100.00
ERR5312337	f__Spirochaetaceae (UID2512)	56	235	124	94	133	8	0	0	0	57.71	3.45	25.00
ERR5312338	k__Bacteria (UID203)	5449	99	54	74	25	0	0	0	0	35.11	0.00	0.00
ERR5312339	k__Bacteria (UID203)	5449	99	54	82	17	0	0	0	0	25.00	0.00	0.00
ERR5312340	f__Spirochaetaceae (UID2512)	56	235	124	130	100	5	0	0	0	45.55	1.82	40.00
ERR5312341	k__Bacteria (UID203)	5449	99	54	89	10	0	0	0	0	14.81	0.00	0.00
ERR5312342	f__Spirochaetaceae (UID2512)	56	235	124	118	112	5	0	0	0	52.31	1.26	20.00
ERR5312343	k__Bacteria (UID203)	5449	99	54	97	2	0	0	0	0	2.47	0.00	0.00
ERR5312344	f__Spirochaetaceae (UID2512)	56	235	124	161	72	2	0	0	0	35.84	1.61	0.00
ERR5312345	f__Spirochaetaceae (UID2512)	56	235	124	173	62	0	0	0	0	30.57	0.00	0.00
ERR5312346	k__Bacteria (UID203)	5449	99	54	88	10	1	0	0	0	13.92	1.85	100.00
ERR5312347	k__Bacteria (UID203)	5449	99	54	73	25	1	0	0	0	36.59	1.85	100.00
ERR5312348	f__Spirochaetaceae (UID2512)	56	235	124	155	78	2	0	0	0	32.82	0.09	0.00
ERR5312349	k__Bacteria (UID203)	5449	99	54	97	2	0	0	0	0	2.78	0.00	0.00
ERR5312350	k__Bacteria (UID203)	5449	99	54	87	12	0	0	0	0	19.44	0.00	0.00
ERR5312351	k__Bacteria (UID203)	5449	99	54	74	24	1	0	0	0	30.26	1.85	100.00
ERR5312352	f__Spirochaetaceae (UID2512)	56	235	124	151	81	3	0	0	0	39.45	1.37	0.00
ERR5312353	f__Spirochaetaceae (UID2512)	56	235	124	100	128	7	0	0	0	54.12	2.39	28.57
ERR5312354	f__Spirochaetaceae (UID2512)	56	235	124	169	64	2	0	0	0	26.23	1.21	0.00
ERR5312355	f__Spirochaetaceae (UID2512)	56	235	124	143	89	3	0	0	0	36.89	1.64	33.33
ERR7123576	f__Spirochaetaceae (UID2512)	56	235	124	1	229	4	1	0	0	99.73	1.45	71.43
ERR7123577	f__Spirochaetaceae (UID2512)	56	235	124	95	134	5	1	0	0	53.63	1.79	25.00
ERR7123578	k__Bacteria (UID203)	5449	99	54	90	9	0	0	0	0	6.04	0.00	0.00
ERR7123579	f__Spirochaetaceae (UID2512)	56	235	124	1	233	1	0	0	0	99.19	0.16	0.00
ERR7123580	f__Spirochaetaceae (UID2512)	56	235	124	1	229	5	0	0	0	99.97	0.78	40.00
ERR7123581	f__Spirochaetaceae (UID2512)	56	235	124	1	234	0	0	0	0	99.19	0.00	0.00
ERR7123582	f__Spirochaetaceae (UID2512)	56	235	124	0	235	0	0	0	0	100.00	0.00	0.00
ERR7123583	f__Spirochaetaceae (UID2512)	56	235	124	16	208	11	0	0	0	93.00	3.80	9.09
ERR7123584	f__Spirochaetaceae (UID2512)	56	235	124	0	234	1	0	0	0	100.00	0.81	0.00
ERR7123585	f__Spirochaetaceae (UID2512)	56	235	124	7	223	5	0	0	0	97.01	0.66	40.00
ERR7123586	f__Spirochaetaceae (UID2512)	56	235	124	1	232	1	1	0	0	99.19	1.08	100.00
ERR7123587	f__Spirochaetaceae (UID2512)	56	235	124	7	218	10	0	0	0	97.26	4.16	60.00
ERR7123588	f__Spirochaetaceae (UID2512)	56	235	124	2	232	1	0	0	0	99.17	0.16	100.00
ERR7123589	f__Spirochaetaceae (UID2512)	56	235	124	12	208	15	0	0	0	93.93	4.93	46.67
ERR7123590	f__Spirochaetaceae (UID2512)	56	235	124	0	235	0	0	0	0	100.00	0.00	0.00
ERR7123591	f__Spirochaetaceae (UID2512)	56	235	124	2	232	0	1	0	0	98.92	0.05	100.00
ERR7168269	k__Bacteria (UID203)	5449	99	54	84	15	0	0	0	0	12.59	0.00	0.00
ERR7168270	k__Bacteria (UID203)	5449	99	54	85	14	0	0	0	0	16.41	0.00	0.00
ERR7168271	k__Bacteria (UID203)	5449	99	54	92	7	0	0	0	0	6.67	0.00	0.00
ERR7168272	f__Spirochaetaceae (UID2512)	56	235	124	95	124	16	0	0	0	56.22	3.37	31.25
ERR7168273	f__Spirochaetaceae (UID2512)	56	235	124	160	74	1	0	0	0	27.76	0.27	100.00
ERR7168274	k__Bacteria (UID203)	5449	99	54	72	26	1	0	0	0	32.10	0.17	0.00
SRR13721290	f__Spirochaetaceae (UID2512)	56	235	124	0	235	0	0	0	0	100.00	0.00	0.00
SRR3268722	f__Spirochaetaceae (UID2512)	56	235	124	0	235	0	0	0	0	100.00	0.00	0.00
