SNPLocation	SNP	1	2	3	4	5	6	7	8	9	10	11	12	13	14	15	16	17	18	19	20	21	22
mrcA:506	A	338	13	68	24	0	2	6	6	5	5	0	4	4	4	4	3	3	3	2	3	2	2
mrcA:506	T	22	89	0	9	7	0	0	0	0	0	5	0	0	0	0	0	0	0	0	0	0	0
mrcA:506	V	74	1	1	0	0	0	0	0	0	0	0	0	0	0	0	0	0	0	0	0	0	0
mrcA:625	M	128	103	69	33	7	2	6	6	5	5	5	4	4	4	4	0	3	3	2	3	0	2
mrcA:625	V	306	0	0	0	0	0	0	0	0	0	0	0	0	0	0	3	0	0	0	0	2	0
mrcA:708	G	113	103	69	33	7	2	6	6	5	5	5	4	4	0	4	0	3	3	2	3	0	2
mrcA:708	S	321	0	0	0	0	0	0	0	0	0	0	0	0	4	0	3	0	0	0	0	2	0
pbp1:564	L	433	0	0	0	0	0	0	0	0	0	0	0	0	0	0	3	0	0	0	0	2	0
pbp1:564	P	1	103	69	33	7	2	6	6	5	5	5	4	4	4	4	0	3	3	2	3	0	2
pbp2:277	L	434	103	69	33	7	2	6	6	5	5	5	0	4	0	4	3	3	3	2	3	2	2
pbp2:277	F	0	0	0	0	0	0	0	0	0	0	0	4	0	4	0	0	0	0	0	0	0	0
tp47:18	V	434	103	69	33	7	0	0	0	5	0	5	0	0	0	4	3	3	3	0	3	2	0
tp47:18	A	0	0	0	0	0	2	6	6	0	5	0	4	4	4	0	0	0	0	2	0	0	2
tp47:243	R	434	103	69	33	7	2	6	6	5	5	5	4	4	0	4	3	3	3	2	3	2	2
tp47:243	H	0	0	0	0	0	0	0	0	0	0	0	0	0	4	0	0	0	0	0	0	0	0
tp47:394	R	434	0	0	0	0	0	0	0	5	0	0	0	0	0	0	3	0	0	0	0	2	0
tp47:394	S	0	103	69	33	7	2	6	6	0	5	5	4	4	4	4	0	3	3	2	3	0	2
