SNPLocation	SNP	1	2	3	4	5	6	7	8	9	10	11	12	13	14	15	16	17	18	19	20	21	22
mrcA:1516	A	22	102	0	10	7	0	0	0	0	0	5	0	0	0	0	0	0	0	0	0	0	0
mrcA:1516	G	431	15	77	25	0	2	6	6	5	5	0	4	4	4	4	3	3	3	2	3	2	2
mrcA:1873	A	134	117	77	35	7	2	6	6	5	5	5	4	4	4	4	0	3	3	2	3	0	2
mrcA:1873	G	319	0	0	0	0	0	0	0	0	0	0	0	0	0	0	3	0	0	0	0	2	0
mrcA:2122	A	336	0	0	0	0	0	0	0	0	0	0	0	0	4	0	3	0	0	0	0	2	0
mrcA:2122	G	117	117	77	35	7	2	6	6	5	5	5	4	4	0	4	0	3	3	2	3	0	2
pbp1:1691	C	2	117	77	35	7	2	6	6	5	5	5	4	4	4	4	0	3	3	2	3	0	2
pbp1:1691	T	451	0	0	0	0	0	0	0	0	0	0	0	0	0	0	3	0	0	0	0	2	0
pbp1:387	G	453	117	77	35	7	0	0	0	5	0	5	0	0	0	4	3	3	3	0	3	2	0
pbp1:387	C	0	0	0	0	0	2	6	6	0	5	0	4	4	4	0	0	0	0	2	0	0	2
pbp2:829	C	453	117	77	35	7	2	6	6	5	5	5	0	4	0	4	3	3	3	2	3	2	2
pbp2:829	T	0	0	0	0	0	0	0	0	0	0	0	4	0	4	0	0	0	0	0	0	0	0
tp47:1182	A	453	0	0	0	0	0	0	0	5	0	0	0	0	0	0	3	0	0	0	0	2	0
tp47:1182	C	0	117	77	35	7	2	6	6	0	5	5	4	4	4	4	0	3	3	2	3	0	2
tp47:53	T	453	117	77	35	7	0	0	0	5	0	5	0	0	0	4	3	3	3	0	3	2	0
tp47:53	C	0	0	0	0	0	2	6	6	0	5	0	4	4	4	0	0	0	0	2	0	0	2
tp47:728	G	453	117	77	35	7	2	6	6	5	5	5	4	4	0	4	3	3	3	2	3	2	2
tp47:728	A	0	0	0	0	0	0	0	0	0	0	0	0	0	4	0	0	0	0	0	0	0	0
tp47:87	T	453	117	77	35	7	2	1	6	5	5	5	4	4	4	4	3	3	3	2	3	2	2
tp47:87	C	0	0	0	0	0	0	5	0	0	0	0	0	0	0	0	0	0	0	0	0	0	0
