Bin Id	Marker lineage	genomes	markers	marker sets	0	1	2	3	4	5+	Completeness	Contamination	Strain heterogeneity
ERR7123584	f__Spirochaetaceae	56	235	124	0	235	0	0	0	0	100.00	0.00	0.00
ERR5210582	f__Spirochaetaceae	56	235	124	0	235	0	0	0	0	100.00	0.00	0.00
ERR5210581	f__Spirochaetaceae	56	235	124	0	235	0	0	0	0	100.00	0.00	0.00
ERR5210570	f__Spirochaetaceae	56	235	124	0	235	0	0	0	0	100.00	0.00	0.00
ERR5210569	f__Spirochaetaceae	56	235	124	0	235	0	0	0	0	100.00	0.00	0.00
ERR5210568	f__Spirochaetaceae	56	235	124	0	235	0	0	0	0	100.00	0.00	0.00
ERR5207031	f__Spirochaetaceae	56	235	124	0	235	0	0	0	0	100.00	0.00	0.00
ERR5207029	f__Spirochaetaceae	56	235	124	0	235	0	0	0	0	100.00	0.00	0.00
ERR5207019	f__Spirochaetaceae	56	235	124	0	235	0	0	0	0	100.00	0.00	0.00
ERR5207017	f__Spirochaetaceae	56	235	124	0	235	0	0	0	0	100.00	0.00	0.00
ERR5207012	f__Spirochaetaceae	56	235	124	0	235	0	0	0	0	100.00	0.00	0.00
ERR5207011	f__Spirochaetaceae	56	235	124	0	235	0	0	0	0	100.00	0.00	0.00
ERR5207009	f__Spirochaetaceae	56	235	124	0	235	0	0	0	0	100.00	0.00	0.00
ERR4993362	f__Spirochaetaceae	56	235	124	0	235	0	0	0	0	100.00	0.00	0.00
ERR4993359	f__Spirochaetaceae	56	235	124	0	235	0	0	0	0	100.00	0.00	0.00
ERR4993358	f__Spirochaetaceae	56	235	124	0	235	0	0	0	0	100.00	0.00	0.00
ERR4993357	f__Spirochaetaceae	56	235	124	0	235	0	0	0	0	100.00	0.00	0.00
ERR4993356	f__Spirochaetaceae	56	235	124	0	235	0	0	0	0	100.00	0.00	0.00
ERR4993355	f__Spirochaetaceae	56	235	124	0	235	0	0	0	0	100.00	0.00	0.00
ERR4993354	f__Spirochaetaceae	56	235	124	0	235	0	0	0	0	100.00	0.00	0.00
ERR4993353	f__Spirochaetaceae	56	235	124	0	235	0	0	0	0	100.00	0.00	0.00
ERR4993352	f__Spirochaetaceae	56	235	124	0	235	0	0	0	0	100.00	0.00	0.00
ERR4993351	f__Spirochaetaceae	56	235	124	0	235	0	0	0	0	100.00	0.00	0.00
ERR4993350	f__Spirochaetaceae	56	235	124	0	235	0	0	0	0	100.00	0.00	0.00
ERR4993349	f__Spirochaetaceae	56	235	124	0	235	0	0	0	0	100.00	0.00	0.00
ERR4899245	f__Spirochaetaceae	56	235	124	0	235	0	0	0	0	100.00	0.00	0.00
ERR4899230	f__Spirochaetaceae	56	235	124	0	235	0	0	0	0	100.00	0.00	0.00
ERR4899216	f__Spirochaetaceae	56	235	124	0	235	0	0	0	0	100.00	0.00	0.00
ERR4899204	f__Spirochaetaceae	56	235	124	0	235	0	0	0	0	100.00	0.00	0.00
ERR4899201	f__Spirochaetaceae	56	235	124	0	235	0	0	0	0	100.00	0.00	0.00
ERR4899200	f__Spirochaetaceae	56	235	124	0	235	0	0	0	0	100.00	0.00	0.00
ERR4899198	f__Spirochaetaceae	56	235	124	0	235	0	0	0	0	100.00	0.00	0.00
ERR4853684	f__Spirochaetaceae	56	235	124	0	235	0	0	0	0	100.00	0.00	0.00
ERR4853670	f__Spirochaetaceae	56	235	124	0	235	0	0	0	0	100.00	0.00	0.00
ERR4853652	f__Spirochaetaceae	56	235	124	0	235	0	0	0	0	100.00	0.00	0.00
ERR4853651	f__Spirochaetaceae	56	235	124	0	235	0	0	0	0	100.00	0.00	0.00
ERR4853631	f__Spirochaetaceae	56	235	124	0	235	0	0	0	0	100.00	0.00	0.00
ERR4853620	f__Spirochaetaceae	56	235	124	0	235	0	0	0	0	100.00	0.00	0.00
ERR4853615	f__Spirochaetaceae	56	235	124	0	235	0	0	0	0	100.00	0.00	0.00
ERR4853614	f__Spirochaetaceae	56	235	124	0	235	0	0	0	0	100.00	0.00	0.00
ERR4853611	f__Spirochaetaceae	56	235	124	0	235	0	0	0	0	100.00	0.00	0.00
ERR4853610	f__Spirochaetaceae	56	235	124	0	235	0	0	0	0	100.00	0.00	0.00
ERR4853602	f__Spirochaetaceae	56	235	124	0	235	0	0	0	0	100.00	0.00	0.00
ERR4853598	f__Spirochaetaceae	56	235	124	0	235	0	0	0	0	100.00	0.00	0.00
ERR4853596	f__Spirochaetaceae	56	235	124	0	235	0	0	0	0	100.00	0.00	0.00
ERR4853592	f__Spirochaetaceae	56	235	124	0	235	0	0	0	0	100.00	0.00	0.00
ERR4853588	f__Spirochaetaceae	56	235	124	0	235	0	0	0	0	100.00	0.00	0.00
ERR4853587	f__Spirochaetaceae	56	235	124	0	235	0	0	0	0	100.00	0.00	0.00
ERR4853586	f__Spirochaetaceae	56	235	124	0	235	0	0	0	0	100.00	0.00	0.00
ERR4853585	f__Spirochaetaceae	56	235	124	0	235	0	0	0	0	100.00	0.00	0.00
ERR4853584	f__Spirochaetaceae	56	235	124	0	235	0	0	0	0	100.00	0.00	0.00
ERR4853583	f__Spirochaetaceae	56	235	124	0	235	0	0	0	0	100.00	0.00	0.00
ERR4853582	f__Spirochaetaceae	56	235	124	0	235	0	0	0	0	100.00	0.00	0.00
ERR4853579	f__Spirochaetaceae	56	235	124	0	235	0	0	0	0	100.00	0.00	0.00
ERR4853573	f__Spirochaetaceae	56	235	124	0	235	0	0	0	0	100.00	0.00	0.00
ERR4853572	f__Spirochaetaceae	56	235	124	0	235	0	0	0	0	100.00	0.00	0.00
ERR4853571	f__Spirochaetaceae	56	235	124	0	235	0	0	0	0	100.00	0.00	0.00
ERR4853570	f__Spirochaetaceae	56	235	124	0	235	0	0	0	0	100.00	0.00	0.00
ERR4853569	f__Spirochaetaceae	56	235	124	0	235	0	0	0	0	100.00	0.00	0.00
ERR4853566	f__Spirochaetaceae	56	235	124	0	235	0	0	0	0	100.00	0.00	0.00
ERR4853565	f__Spirochaetaceae	56	235	124	0	235	0	0	0	0	100.00	0.00	0.00
ERR4853561	f__Spirochaetaceae	56	235	124	0	235	0	0	0	0	100.00	0.00	0.00
ERR4853560	f__Spirochaetaceae	56	235	124	0	235	0	0	0	0	100.00	0.00	0.00
ERR4853559	f__Spirochaetaceae	56	235	124	0	235	0	0	0	0	100.00	0.00	0.00
ERR4853556	f__Spirochaetaceae	56	235	124	0	235	0	0	0	0	100.00	0.00	0.00
ERR4853553	f__Spirochaetaceae	56	235	124	0	235	0	0	0	0	100.00	0.00	0.00
ERR4853547	f__Spirochaetaceae	56	235	124	0	235	0	0	0	0	100.00	0.00	0.00
ERR4853545	f__Spirochaetaceae	56	235	124	0	235	0	0	0	0	100.00	0.00	0.00
ERR4853544	f__Spirochaetaceae	56	235	124	0	235	0	0	0	0	100.00	0.00	0.00
ERR4853543	f__Spirochaetaceae	56	235	124	0	235	0	0	0	0	100.00	0.00	0.00
ERR4853541	f__Spirochaetaceae	56	235	124	0	235	0	0	0	0	100.00	0.00	0.00
ERR4853537	f__Spirochaetaceae	56	235	124	0	235	0	0	0	0	100.00	0.00	0.00
ERR4853535	f__Spirochaetaceae	56	235	124	0	235	0	0	0	0	100.00	0.00	0.00
ERR4853534	f__Spirochaetaceae	56	235	124	0	235	0	0	0	0	100.00	0.00	0.00
ERR4853532	f__Spirochaetaceae	56	235	124	0	235	0	0	0	0	100.00	0.00	0.00
ERR4853529	f__Spirochaetaceae	56	235	124	0	235	0	0	0	0	100.00	0.00	0.00
ERR4853528	f__Spirochaetaceae	56	235	124	0	235	0	0	0	0	100.00	0.00	0.00
ERR4853527	f__Spirochaetaceae	56	235	124	0	235	0	0	0	0	100.00	0.00	0.00
ERR3684600	f__Spirochaetaceae	56	235	124	0	235	0	0	0	0	100.00	0.00	0.00
ERR3684582	f__Spirochaetaceae	56	235	124	0	235	0	0	0	0	100.00	0.00	0.00
ERR3684577	f__Spirochaetaceae	56	235	124	0	235	0	0	0	0	100.00	0.00	0.00
ERR3684576	f__Spirochaetaceae	56	235	124	0	235	0	0	0	0	100.00	0.00	0.00
ERR3684575	f__Spirochaetaceae	56	235	124	0	235	0	0	0	0	100.00	0.00	0.00
ERR3684574	f__Spirochaetaceae	56	235	124	0	235	0	0	0	0	100.00	0.00	0.00
ERR3684573	f__Spirochaetaceae	56	235	124	0	235	0	0	0	0	100.00	0.00	0.00
ERR3684560	f__Spirochaetaceae	56	235	124	0	235	0	0	0	0	100.00	0.00	0.00
ERR3684558	f__Spirochaetaceae	56	235	124	0	235	0	0	0	0	100.00	0.00	0.00
ERR3684556	f__Spirochaetaceae	56	235	124	0	235	0	0	0	0	100.00	0.00	0.00
ERR3684551	f__Spirochaetaceae	56	235	124	0	235	0	0	0	0	100.00	0.00	0.00
ERR3684548	f__Spirochaetaceae	56	235	124	0	235	0	0	0	0	100.00	0.00	0.00
ERR3684535	f__Spirochaetaceae	56	235	124	0	235	0	0	0	0	100.00	0.00	0.00
ERR3684534	f__Spirochaetaceae	56	235	124	0	235	0	0	0	0	100.00	0.00	0.00
ERR3684530	f__Spirochaetaceae	56	235	124	0	235	0	0	0	0	100.00	0.00	0.00
ERR3684526	f__Spirochaetaceae	56	235	124	0	235	0	0	0	0	100.00	0.00	0.00
ERR3684517	f__Spirochaetaceae	56	235	124	0	235	0	0	0	0	100.00	0.00	0.00
ERR3684515	f__Spirochaetaceae	56	235	124	0	235	0	0	0	0	100.00	0.00	0.00
ERR3684512	f__Spirochaetaceae	56	235	124	0	235	0	0	0	0	100.00	0.00	0.00
ERR3684509	f__Spirochaetaceae	56	235	124	0	235	0	0	0	0	100.00	0.00	0.00
ERR3684507	f__Spirochaetaceae	56	235	124	0	235	0	0	0	0	100.00	0.00	0.00
ERR3684501	f__Spirochaetaceae	56	235	124	0	235	0	0	0	0	100.00	0.00	0.00
ERR3684500	f__Spirochaetaceae	56	235	124	0	235	0	0	0	0	100.00	0.00	0.00
ERR3684497	f__Spirochaetaceae	56	235	124	0	235	0	0	0	0	100.00	0.00	0.00
ERR3684489	f__Spirochaetaceae	56	235	124	0	235	0	0	0	0	100.00	0.00	0.00
ERR3684480	f__Spirochaetaceae	56	235	124	0	235	0	0	0	0	100.00	0.00	0.00
ERR3684473	f__Spirochaetaceae	56	235	124	0	235	0	0	0	0	100.00	0.00	0.00
ERR3684460	f__Spirochaetaceae	56	235	124	0	235	0	0	0	0	100.00	0.00	0.00
ERR3684457	f__Spirochaetaceae	56	235	124	0	235	0	0	0	0	100.00	0.00	0.00
ERR3684456	f__Spirochaetaceae	56	235	124	0	235	0	0	0	0	100.00	0.00	0.00
ERR3684454	f__Spirochaetaceae	56	235	124	0	235	0	0	0	0	100.00	0.00	0.00
ERR3684453	f__Spirochaetaceae	56	235	124	0	235	0	0	0	0	100.00	0.00	0.00
ERR3684452	f__Spirochaetaceae	56	235	124	0	235	0	0	0	0	100.00	0.00	0.00
ERR3684451	f__Spirochaetaceae	56	235	124	0	235	0	0	0	0	100.00	0.00	0.00
ERR3684450	f__Spirochaetaceae	56	235	124	0	235	0	0	0	0	100.00	0.00	0.00
SRR13721290	f__Spirochaetaceae	56	235	124	1	234	0	0	0	0	99.97	0.00	0.00
ERR5207018	f__Spirochaetaceae	56	235	124	1	234	0	0	0	0	99.97	0.00	0.00
ERR5207008	f__Spirochaetaceae	56	235	124	1	234	0	0	0	0	99.97	0.00	0.00
ERR4993360	f__Spirochaetaceae	56	235	124	1	234	0	0	0	0	99.97	0.00	0.00
ERR4899217	f__Spirochaetaceae	56	235	124	1	234	0	0	0	0	99.97	0.00	0.00
ERR4899203	f__Spirochaetaceae	56	235	124	1	234	0	0	0	0	99.97	0.00	0.00
ERR4853625	f__Spirochaetaceae	56	235	124	1	234	0	0	0	0	99.97	0.00	0.00
ERR3684533	f__Spirochaetaceae	56	235	124	1	234	0	0	0	0	99.97	0.00	0.00
ERR3684524	f__Spirochaetaceae	56	235	124	1	234	0	0	0	0	99.97	0.00	0.00
ERR3684519	f__Spirochaetaceae	56	235	124	1	234	0	0	0	0	99.97	0.00	0.00
ERR3684511	f__Spirochaetaceae	56	235	124	1	234	0	0	0	0	99.97	0.00	0.00
ERR3684502	f__Spirochaetaceae	56	235	124	1	234	0	0	0	0	99.97	0.00	0.00
ERR3684495	f__Spirochaetaceae	56	235	124	1	234	0	0	0	0	99.97	0.00	0.00
ERR4853551	f__Spirochaetaceae	56	235	124	2	233	0	0	0	0	99.95	0.00	0.00
ERR5207027	f__Spirochaetaceae	56	235	124	3	232	0	0	0	0	99.92	0.00	0.00
ERR4853597	f__Spirochaetaceae	56	235	124	1	234	0	0	0	0	99.84	0.00	0.00
ERR3684521	f__Spirochaetaceae	56	235	124	1	234	0	0	0	0	99.84	0.00	0.00
ERR4853679	f__Spirochaetaceae	56	235	124	2	233	0	0	0	0	99.77	0.00	0.00
ERR3684619	f__Spirochaetaceae	56	235	124	1	234	0	0	0	0	99.73	0.00	0.00
ERR3684564	f__Spirochaetaceae	56	235	124	1	234	0	0	0	0	99.73	0.00	0.00
ERR3684520	f__Spirochaetaceae	56	235	124	1	234	0	0	0	0	99.73	0.00	0.00
ERR4853554	f__Spirochaetaceae	56	235	124	1	234	0	0	0	0	99.60	0.00	0.00
ERR3684620	f__Spirochaetaceae	56	235	124	2	233	0	0	0	0	99.60	0.00	0.00
ERR3684523	f__Spirochaetaceae	56	235	124	1	234	0	0	0	0	99.60	0.00	0.00
ERR3684510	f__Spirochaetaceae	56	235	124	1	234	0	0	0	0	99.60	0.00	0.00
ERR3684498	f__Spirochaetaceae	56	235	124	3	232	0	0	0	0	99.30	0.00	0.00
ERR5210584	f__Spirochaetaceae	56	235	124	1	234	0	0	0	0	99.19	0.00	0.00
ERR5210572	f__Spirochaetaceae	56	235	124	1	234	0	0	0	0	99.19	0.00	0.00
ERR5207020	f__Spirochaetaceae	56	235	124	1	234	0	0	0	0	99.19	0.00	0.00
ERR5207007	f__Spirochaetaceae	56	235	124	1	234	0	0	0	0	99.19	0.00	0.00
ERR4993361	f__Spirochaetaceae	56	235	124	1	234	0	0	0	0	99.19	0.00	0.00
ERR4899202	f__Spirochaetaceae	56	235	124	1	234	0	0	0	0	99.19	0.00	0.00
ERR4853605	f__Spirochaetaceae	56	235	124	1	234	0	0	0	0	99.19	0.00	0.00
ERR4853593	f__Spirochaetaceae	56	235	124	1	234	0	0	0	0	99.19	0.00	0.00
ERR4853568	f__Spirochaetaceae	56	235	124	1	234	0	0	0	0	99.19	0.00	0.00
ERR4853567	f__Spirochaetaceae	56	235	124	1	234	0	0	0	0	99.19	0.00	0.00
ERR3684725	f__Spirochaetaceae	56	235	124	1	234	0	0	0	0	99.19	0.00	0.00
ERR3684618	f__Spirochaetaceae	56	235	124	1	234	0	0	0	0	99.19	0.00	0.00
ERR3684552	f__Spirochaetaceae	56	235	124	1	234	0	0	0	0	99.19	0.00	0.00
ERR3684531	f__Spirochaetaceae	56	235	124	1	234	0	0	0	0	99.19	0.00	0.00
ERR3684522	f__Spirochaetaceae	56	235	124	3	232	0	0	0	0	99.19	0.00	0.00
ERR3684499	f__Spirochaetaceae	56	235	124	1	234	0	0	0	0	99.19	0.00	0.00
ERR3684482	f__Spirochaetaceae	56	235	124	3	232	0	0	0	0	99.19	0.00	0.00
ERR3684477	f__Spirochaetaceae	56	235	124	1	234	0	0	0	0	99.19	0.00	0.00
ERR3684458	f__Spirochaetaceae	56	235	124	1	234	0	0	0	0	99.19	0.00	0.00
ERR5210583	f__Spirochaetaceae	56	235	124	2	233	0	0	0	0	99.17	0.00	0.00
ERR4853645	f__Spirochaetaceae	56	235	124	2	233	0	0	0	0	99.17	0.00	0.00
ERR4853555	f__Spirochaetaceae	56	235	124	2	233	0	0	0	0	99.17	0.00	0.00
ERR4853533	f__Spirochaetaceae	56	235	124	2	233	0	0	0	0	99.17	0.00	0.00
ERR3684550	f__Spirochaetaceae	56	235	124	2	233	0	0	0	0	99.17	0.00	0.00
ERR3684553	f__Spirochaetaceae	56	235	124	2	233	0	0	0	0	99.06	0.00	0.00
ERR3684525	f__Spirochaetaceae	56	235	124	2	233	0	0	0	0	99.06	0.00	0.00
ERR4853653	f__Spirochaetaceae	56	235	124	3	232	0	0	0	0	99.05	0.00	0.00
ERR4853604	f__Spirochaetaceae	56	235	124	2	233	0	0	0	0	99.03	0.00	0.00
ERR7123590	f__Spirochaetaceae	56	235	124	2	233	0	0	0	0	98.92	0.00	0.00
ERR3684568	f__Spirochaetaceae	56	235	124	2	233	0	0	0	0	98.92	0.00	0.00
ERR3684542	f__Spirochaetaceae	56	235	124	2	233	0	0	0	0	98.92	0.00	0.00
ERR3684528	f__Spirochaetaceae	56	235	124	2	233	0	0	0	0	98.92	0.00	0.00
ERR7123591	f__Spirochaetaceae	56	235	124	4	231	0	0	0	0	98.85	0.00	0.00
ERR5210575	f__Spirochaetaceae	56	235	124	5	230	0	0	0	0	98.85	0.00	0.00
ERR4899215	f__Spirochaetaceae	56	235	124	4	231	0	0	0	0	98.81	0.00	0.00
ERR4853589	f__Spirochaetaceae	56	235	124	6	229	0	0	0	0	98.80	0.00	0.00
ERR3684504	f__Spirochaetaceae	56	235	124	2	233	0	0	0	0	98.79	0.00	0.00
SRR3268722	f__Spirochaetaceae	56	235	124	3	232	0	0	0	0	98.76	0.00	0.00
ERR4045395	f__Spirochaetaceae	56	235	124	4	231	0	0	0	0	98.76	0.00	0.00
ERR3684643	f__Spirochaetaceae	56	235	124	6	229	0	0	0	0	98.65	0.00	0.00
ERR3684540	f__Spirochaetaceae	56	235	124	4	231	0	0	0	0	98.50	0.00	0.00
ERR4899243	f__Spirochaetaceae	56	235	124	2	233	0	0	0	0	98.39	0.00	0.00
ERR4853601	f__Spirochaetaceae	56	235	124	2	233	0	0	0	0	98.39	0.00	0.00
ERR3684626	f__Spirochaetaceae	56	235	124	2	233	0	0	0	0	98.39	0.00	0.00
ERR3684584	f__Spirochaetaceae	56	235	124	2	233	0	0	0	0	98.39	0.00	0.00
ERR3684485	f__Spirochaetaceae	56	235	124	2	233	0	0	0	0	98.39	0.00	0.00
ERR3684479	f__Spirochaetaceae	56	235	124	2	233	0	0	0	0	98.39	0.00	0.00
ERR3684474	f__Spirochaetaceae	56	235	124	2	233	0	0	0	0	98.39	0.00	0.00
ERR7123582	f__Spirochaetaceae	56	235	124	3	232	0	0	0	0	98.36	0.00	0.00
ERR7123581	f__Spirochaetaceae	56	235	124	3	232	0	0	0	0	98.36	0.00	0.00
ERR4899231	f__Spirochaetaceae	56	235	124	3	232	0	0	0	0	98.36	0.00	0.00
ERR3684580	f__Spirochaetaceae	56	235	124	3	232	0	0	0	0	98.36	0.00	0.00
ERR3684615	f__Spirochaetaceae	56	235	124	5	230	0	0	0	0	98.31	0.00	0.00
ERR4853531	f__Spirochaetaceae	56	235	124	4	231	0	0	0	0	98.29	0.00	0.00
ERR4853667	f__Spirochaetaceae	56	235	124	5	230	0	0	0	0	98.23	0.00	0.00
ERR3684613	f__Spirochaetaceae	56	235	124	7	228	0	0	0	0	98.23	0.00	0.00
ERR4853577	f__Spirochaetaceae	56	235	124	5	230	0	0	0	0	98.12	0.00	0.00
ERR4853672	f__Spirochaetaceae	56	235	124	5	230	0	0	0	0	98.09	0.00	0.00
ERR4853665	f__Spirochaetaceae	56	235	124	7	228	0	0	0	0	98.04	0.00	0.00
ERR5210578	f__Spirochaetaceae	56	235	124	3	232	0	0	0	0	97.98	0.00	0.00
ERR4853629	f__Spirochaetaceae	56	235	124	3	232	0	0	0	0	97.98	0.00	0.00
ERR4853562	f__Spirochaetaceae	56	235	124	3	232	0	0	0	0	97.98	0.00	0.00
ERR4045380	f__Spirochaetaceae	56	235	124	3	232	0	0	0	0	97.98	0.00	0.00
ERR4899210	f__Spirochaetaceae	56	235	124	6	229	0	0	0	0	97.96	0.00	0.00
ERR3684491	f__Spirochaetaceae	56	235	124	7	228	0	0	0	0	97.91	0.00	0.00
ERR3684538	f__Spirochaetaceae	56	235	124	5	230	0	0	0	0	97.85	0.00	0.00
ERR5207026	f__Spirochaetaceae	56	235	124	4	231	0	0	0	0	97.85	0.00	0.00
ERR3684557	f__Spirochaetaceae	56	235	124	10	225	0	0	0	0	97.80	0.00	0.00
ERR4853550	f__Spirochaetaceae	56	235	124	7	228	0	0	0	0	97.80	0.00	0.00
ERR4853580	f__Spirochaetaceae	56	235	124	6	229	0	0	0	0	97.67	0.00	0.00
ERR3684483	f__Spirochaetaceae	56	235	124	6	229	0	0	0	0	97.62	0.00	0.00
ERR4853674	f__Spirochaetaceae	56	235	124	3	232	0	0	0	0	97.58	0.00	0.00
ERR3684459	f__Spirochaetaceae	56	235	124	3	232	0	0	0	0	97.58	0.00	0.00
ERR4853640	f__Spirochaetaceae	56	235	124	9	226	0	0	0	0	97.48	0.00	0.00
ERR3684469	f__Spirochaetaceae	56	235	124	4	231	0	0	0	0	97.45	0.00	0.00
ERR3684610	f__Spirochaetaceae	56	235	124	5	230	0	0	0	0	97.35	0.00	0.00
ERR5210579	f__Spirochaetaceae	56	235	124	4	231	0	0	0	0	97.31	0.00	0.00
ERR3684700	f__Spirochaetaceae	56	235	124	4	231	0	0	0	0	97.31	0.00	0.00
ERR4853641	f__Spirochaetaceae	56	235	124	8	227	0	0	0	0	97.27	0.00	0.00
ERR3684565	f__Spirochaetaceae	56	235	124	8	227	0	0	0	0	97.12	0.00	0.00
ERR5207032	f__Spirochaetaceae	56	235	124	6	229	0	0	0	0	97.08	0.00	0.00
ERR4853590	f__Spirochaetaceae	56	235	124	8	227	0	0	0	0	97.08	0.00	0.00
ERR3684695	f__Spirochaetaceae	56	235	124	10	225	0	0	0	0	97.07	0.00	0.00
ERR3684490	f__Spirochaetaceae	56	235	124	7	228	0	0	0	0	97.04	0.00	0.00
ERR5210577	f__Spirochaetaceae	56	235	124	7	228	0	0	0	0	97.02	0.00	0.00
ERR3684537	f__Spirochaetaceae	56	235	124	7	228	0	0	0	0	96.93	0.00	0.00
ERR5207003	f__Spirochaetaceae	56	235	124	7	228	0	0	0	0	96.91	0.00	0.00
ERR4853540	f__Spirochaetaceae	56	235	124	8	227	0	0	0	0	96.90	0.00	0.00
ERR4899224	f__Spirochaetaceae	56	235	124	6	229	0	0	0	0	96.77	0.00	0.00
ERR4899197	f__Spirochaetaceae	56	235	124	6	229	0	0	0	0	96.77	0.00	0.00
ERR3684647	f__Spirochaetaceae	56	235	124	4	231	0	0	0	0	96.77	0.00	0.00
ERR3684466	f__Spirochaetaceae	56	235	124	4	231	0	0	0	0	96.77	0.00	0.00
ERR5206990	f__Spirochaetaceae	56	235	124	7	228	0	0	0	0	96.66	0.00	0.00
ERR5207010	f__Spirochaetaceae	56	235	124	8	227	0	0	0	0	96.58	0.00	0.00
ERR7123580	f__Spirochaetaceae	56	235	124	10	225	0	0	0	0	96.51	0.00	0.00
ERR3684569	f__Spirochaetaceae	56	235	124	8	227	0	0	0	0	96.50	0.00	0.00
ERR3684623	f__Spirochaetaceae	56	235	124	10	225	0	0	0	0	96.43	0.00	0.00
ERR4853623	f__Spirochaetaceae	56	235	124	5	230	0	0	0	0	96.37	0.00	0.00
ERR5210576	f__Spirochaetaceae	56	235	124	8	227	0	0	0	0	96.34	0.00	0.00
ERR3684472	f__Spirochaetaceae	56	235	124	7	228	0	0	0	0	96.24	0.00	0.00
ERR4045387	f__Spirochaetaceae	56	235	124	13	222	0	0	0	0	96.13	0.00	0.00
ERR4899206	f__Spirochaetaceae	56	235	124	12	223	0	0	0	0	95.87	0.00	0.00
ERR4853677	f__Spirochaetaceae	56	235	124	11	224	0	0	0	0	95.85	0.00	0.00
ERR4853599	f__Spirochaetaceae	56	235	124	15	220	0	0	0	0	95.76	0.00	0.00
ERR4853662	f__Spirochaetaceae	56	235	124	9	226	0	0	0	0	95.72	0.00	0.00
ERR5207034	f__Spirochaetaceae	56	235	124	8	227	0	0	0	0	95.71	0.00	0.00
ERR3684666	f__Spirochaetaceae	56	235	124	9	226	0	0	0	0	95.70	0.00	0.00
ERR7123588	f__Spirochaetaceae	56	235	124	13	222	0	0	0	0	95.65	0.00	0.00
ERR4899241	f__Spirochaetaceae	56	235	124	9	226	0	0	0	0	95.58	0.00	0.00
ERR3684706	f__Spirochaetaceae	56	235	124	12	223	0	0	0	0	95.58	0.00	0.00
ERR3684493	f__Spirochaetaceae	56	235	124	12	223	0	0	0	0	95.46	0.00	0.00
ERR3684492	f__Spirochaetaceae	56	235	124	10	225	0	0	0	0	95.42	0.00	0.00
ERR4853617	f__Spirochaetaceae	56	235	124	13	222	0	0	0	0	95.40	0.00	0.00
ERR4899222	f__Spirochaetaceae	56	235	124	14	221	0	0	0	0	95.35	0.00	0.00
ERR3684566	f__Spirochaetaceae	56	235	124	9	226	0	0	0	0	95.27	0.00	0.00
ERR3684652	f__Spirochaetaceae	56	235	124	8	227	0	0	0	0	95.16	0.00	0.00
ERR3684476	f__Spirochaetaceae	56	235	124	7	228	0	0	0	0	95.14	0.00	0.00
ERR4899213	f__Spirochaetaceae	56	235	124	13	222	0	0	0	0	95.13	0.00	0.00
ERR4853644	f__Spirochaetaceae	56	235	124	17	218	0	0	0	0	95.05	0.00	0.00
ERR4853643	f__Spirochaetaceae	56	235	124	9	226	0	0	0	0	95.03	0.00	0.00
ERR4899209	f__Spirochaetaceae	56	235	124	18	217	0	0	0	0	94.76	0.00	0.00
ERR4045378	f__Spirochaetaceae	56	235	124	12	223	0	0	0	0	94.75	0.00	0.00
ERR4853676	f__Spirochaetaceae	56	235	124	11	224	0	0	0	0	94.59	0.00	0.00
ERR5207015	f__Spirochaetaceae	56	235	124	15	220	0	0	0	0	94.52	0.00	0.00
ERR4899211	f__Spirochaetaceae	56	235	124	14	221	0	0	0	0	94.50	0.00	0.00
ERR5207005	f__Spirochaetaceae	56	235	124	17	218	0	0	0	0	94.47	0.00	0.00
ERR3684597	f__Spirochaetaceae	56	235	124	14	221	0	0	0	0	94.37	0.00	0.00
ERR3684475	f__Spirochaetaceae	56	235	124	10	225	0	0	0	0	94.28	0.00	0.00
ERR5207025	f__Spirochaetaceae	56	235	124	12	223	0	0	0	0	94.19	0.00	0.00
ERR7123579	f__Spirochaetaceae	56	235	124	12	223	0	0	0	0	94.19	0.00	0.00
ERR3684641	f__Spirochaetaceae	56	235	124	14	221	0	0	0	0	93.91	0.00	0.00
ERR4853668	f__Spirochaetaceae	56	235	124	17	218	0	0	0	0	93.58	0.00	0.00
ERR3684599	f__Spirochaetaceae	56	235	124	13	222	0	0	0	0	93.54	0.00	0.00
ERR3684583	f__Spirochaetaceae	56	235	124	12	223	0	0	0	0	93.25	0.00	0.00
ERR4853613	f__Spirochaetaceae	56	235	124	20	215	0	0	0	0	93.19	0.00	0.00
ERR3684478	f__Spirochaetaceae	56	235	124	15	220	0	0	0	0	93.15	0.00	0.00
ERR4853682	f__Spirochaetaceae	56	235	124	18	217	0	0	0	0	93.04	0.00	0.00
ERR3684585	f__Spirochaetaceae	56	235	124	16	219	0	0	0	0	92.87	0.00	0.00
ERR3684669	f__Spirochaetaceae	56	235	124	16	219	0	0	0	0	92.87	0.00	0.00
ERR4853663	f__Spirochaetaceae	56	235	124	15	220	0	0	0	0	92.78	0.00	0.00
ERR3684654	f__Spirochaetaceae	56	235	124	15	220	0	0	0	0	92.45	0.00	0.00
ERR7123586	f__Spirochaetaceae	56	235	124	16	219	0	0	0	0	92.37	0.00	0.00
ERR5210563	f__Spirochaetaceae	56	235	124	18	217	0	0	0	0	92.32	0.00	0.00
ERR4899242	f__Spirochaetaceae	56	235	124	18	217	0	0	0	0	92.10	0.00	0.00
ERR4045383	f__Spirochaetaceae	56	235	124	18	217	0	0	0	0	92.02	0.00	0.00
ERR3684547	f__Spirochaetaceae	56	235	124	16	219	0	0	0	0	91.96	0.00	0.00
ERR4853661	f__Spirochaetaceae	56	235	124	20	215	0	0	0	0	91.94	0.00	0.00
ERR4853563	f__Spirochaetaceae	56	235	124	31	204	0	0	0	0	91.87	0.00	0.00
ERR4853603	f__Spirochaetaceae	56	235	124	18	217	0	0	0	0	91.81	0.00	0.00
ERR3684471	f__Spirochaetaceae	56	235	124	15	220	0	0	0	0	91.42	0.00	0.00
ERR4045392	f__Spirochaetaceae	56	235	124	18	217	0	0	0	0	91.10	0.00	0.00
ERR3684555	f__Spirochaetaceae	56	235	124	17	218	0	0	0	0	90.70	0.00	0.00
ERR4899226	f__Spirochaetaceae	56	235	124	25	210	0	0	0	0	90.61	0.00	0.00
ERR4899227	f__Spirochaetaceae	56	235	124	22	213	0	0	0	0	90.58	0.00	0.00
ERR3684572	f__Spirochaetaceae	56	235	124	17	218	0	0	0	0	90.52	0.00	0.00
ERR4045390	f__Spirochaetaceae	56	235	124	20	215	0	0	0	0	90.49	0.00	0.00
ERR4045379	f__Spirochaetaceae	56	235	124	23	212	0	0	0	0	90.27	0.00	0.00
ERR3684581	f__Spirochaetaceae	56	235	124	30	205	0	0	0	0	90.16	0.00	0.00
ERR4853530	f__Spirochaetaceae	56	235	124	23	212	0	0	0	0	89.96	0.00	0.00
ERR4899212	f__Spirochaetaceae	56	235	124	28	207	0	0	0	0	89.79	0.00	0.00
ERR4045394	f__Spirochaetaceae	56	235	124	18	217	0	0	0	0	89.73	0.00	0.00
ERR4045397	f__Spirochaetaceae	56	235	124	28	207	0	0	0	0	89.64	0.00	0.00
ERR4853678	f__Spirochaetaceae	56	235	124	35	200	0	0	0	0	89.49	0.00	0.00
ERR4045396	f__Spirochaetaceae	56	235	124	19	216	0	0	0	0	89.30	0.00	0.00
ERR4045386	f__Spirochaetaceae	56	235	124	21	214	0	0	0	0	89.27	0.00	0.00
ERR3684628	f__Spirochaetaceae	56	235	124	23	212	0	0	0	0	89.23	0.00	0.00
ERR3684588	f__Spirochaetaceae	56	235	124	23	212	0	0	0	0	89.20	0.00	0.00
ERR5207016	f__Spirochaetaceae	56	235	124	27	208	0	0	0	0	89.20	0.00	0.00
ERR5207028	f__Spirochaetaceae	56	235	124	16	219	0	0	0	0	89.11	0.00	0.00
ERR4853619	f__Spirochaetaceae	56	235	124	26	209	0	0	0	0	89.04	0.00	0.00
ERR4045389	f__Spirochaetaceae	56	235	124	22	213	0	0	0	0	89.01	0.00	0.00
ERR3684596	f__Spirochaetaceae	56	235	124	20	215	0	0	0	0	88.97	0.00	0.00
ERR4853681	f__Spirochaetaceae	56	235	124	28	207	0	0	0	0	88.91	0.00	0.00
ERR3684661	f__Spirochaetaceae	56	235	124	28	207	0	0	0	0	88.87	0.00	0.00
ERR3684616	f__Spirochaetaceae	56	235	124	21	214	0	0	0	0	88.84	0.00	0.00
ERR4853618	f__Spirochaetaceae	56	235	124	22	213	0	0	0	0	88.70	0.00	0.00
ERR4899236	f__Spirochaetaceae	56	235	124	22	213	0	0	0	0	88.65	0.00	0.00
ERR4899214	f__Spirochaetaceae	56	235	124	21	214	0	0	0	0	88.39	0.00	0.00
ERR4853666	f__Spirochaetaceae	56	235	124	25	210	0	0	0	0	88.36	0.00	0.00
ERR4853549	f__Spirochaetaceae	56	235	124	42	193	0	0	0	0	88.33	0.00	0.00
ERR4045385	f__Spirochaetaceae	56	235	124	25	210	0	0	0	0	88.20	0.00	0.00
ERR3684539	f__Spirochaetaceae	56	235	124	22	213	0	0	0	0	87.91	0.00	0.00
ERR4853600	f__Spirochaetaceae	56	235	124	31	204	0	0	0	0	87.87	0.00	0.00
ERR5206972	f__Spirochaetaceae	56	235	124	41	194	0	0	0	0	87.86	0.00	0.00
ERR4045377	f__Spirochaetaceae	56	235	124	34	201	0	0	0	0	87.78	0.00	0.00
ERR4853683	f__Spirochaetaceae	56	235	124	26	209	0	0	0	0	87.53	0.00	0.00
ERR5206970	f__Spirochaetaceae	56	235	124	36	199	0	0	0	0	87.36	0.00	0.00
ERR4853536	f__Spirochaetaceae	56	235	124	29	206	0	0	0	0	87.04	0.00	0.00
ERR3684487	f__Spirochaetaceae	56	235	124	25	210	0	0	0	0	86.93	0.00	0.00
ERR4045381	f__Spirochaetaceae	56	235	124	24	211	0	0	0	0	86.82	0.00	0.00
ERR3684609	f__Spirochaetaceae	56	235	124	31	204	0	0	0	0	86.81	0.00	0.00
ERR4853594	f__Spirochaetaceae	56	235	124	33	200	2	0	0	0	86.27	0.81	0.00
ERR3684461	f__Spirochaetaceae	56	235	124	31	204	0	0	0	0	86.23	0.00	0.00
ERR3684694	f__Spirochaetaceae	56	235	124	37	198	0	0	0	0	86.20	0.00	0.00
ERR7123585	f__Spirochaetaceae	56	235	124	31	204	0	0	0	0	86.17	0.00	0.00
ERR3684658	f__Spirochaetaceae	56	235	124	37	198	0	0	0	0	85.94	0.00	0.00
ERR3684470	f__Spirochaetaceae	56	235	124	32	203	0	0	0	0	85.76	0.00	0.00
ERR3684494	f__Spirochaetaceae	56	235	124	33	202	0	0	0	0	85.55	0.00	0.00
ERR3684467	f__Spirochaetaceae	56	235	124	26	209	0	0	0	0	85.52	0.00	0.00
ERR3684624	f__Spirochaetaceae	56	235	124	27	208	0	0	0	0	85.46	0.00	0.00
ERR5207030	f__Spirochaetaceae	56	235	124	40	195	0	0	0	0	85.33	0.00	0.00
ERR4853591	f__Spirochaetaceae	56	235	124	38	197	0	0	0	0	85.07	0.00	0.00
ERR7123576	f__Spirochaetaceae	56	235	124	39	196	0	0	0	0	85.01	0.00	0.00
ERR4853616	f__Spirochaetaceae	56	235	124	34	201	0	0	0	0	84.92	0.00	0.00
ERR3684686	f__Spirochaetaceae	56	235	124	31	204	0	0	0	0	84.59	0.00	0.00
ERR3684741	f__Spirochaetaceae	56	235	124	35	200	0	0	0	0	84.57	0.00	0.00
ERR3684567	f__Spirochaetaceae	56	235	124	31	204	0	0	0	0	84.52	0.00	0.00
ERR3684657	f__Spirochaetaceae	56	235	124	43	192	0	0	0	0	84.42	0.00	0.00
ERR3684659	f__Spirochaetaceae	56	235	124	34	201	0	0	0	0	84.29	0.00	0.00
ERR4853542	f__Spirochaetaceae	56	235	124	40	195	0	0	0	0	84.15	0.00	0.00
ERR3684486	f__Spirochaetaceae	56	235	124	36	199	0	0	0	0	84.00	0.00	0.00
ERR3684642	f__Spirochaetaceae	56	235	124	31	204	0	0	0	0	83.97	0.00	0.00
ERR4853658	f__Spirochaetaceae	56	235	124	38	197	0	0	0	0	83.48	0.00	0.00
ERR4045391	f__Spirochaetaceae	56	235	124	47	188	0	0	0	0	83.31	0.00	0.00
ERR4899228	f__Spirochaetaceae	56	235	124	37	198	0	0	0	0	83.21	0.00	0.00
ERR3684571	f__Spirochaetaceae	56	235	124	38	197	0	0	0	0	82.93	0.00	0.00
ERR3684644	f__Spirochaetaceae	56	235	124	36	199	0	0	0	0	82.89	0.00	0.00
ERR3684653	f__Spirochaetaceae	56	235	124	42	193	0	0	0	0	82.65	0.00	0.00
ERR3684631	f__Spirochaetaceae	56	235	124	37	198	0	0	0	0	82.31	0.00	0.00
ERR3684702	f__Spirochaetaceae	56	235	124	38	197	0	0	0	0	82.30	0.00	0.00
ERR3684544	f__Spirochaetaceae	56	235	124	45	190	0	0	0	0	82.22	0.00	0.00
ERR3684622	f__Spirochaetaceae	56	235	124	39	196	0	0	0	0	81.64	0.00	0.00
ERR3684696	f__Spirochaetaceae	56	235	124	39	196	0	0	0	0	81.26	0.00	0.00
ERR4853664	f__Spirochaetaceae	56	235	124	38	197	0	0	0	0	81.01	0.00	0.00
ERR5206984	f__Spirochaetaceae	56	235	124	59	176	0	0	0	0	80.81	0.00	0.00
ERR5206974	f__Spirochaetaceae	56	235	124	57	178	0	0	0	0	80.50	0.00	0.00
ERR4853680	f__Spirochaetaceae	56	235	124	49	186	0	0	0	0	80.37	0.00	0.00
ERR4853606	f__Spirochaetaceae	56	235	124	56	179	0	0	0	0	80.35	0.00	0.00
ERR4045384	f__Spirochaetaceae	56	235	124	47	188	0	0	0	0	80.25	0.00	0.00
ERR3684455	f__Spirochaetaceae	56	235	124	39	196	0	0	0	0	79.97	0.00	0.00
ERR4853539	f__Spirochaetaceae	56	235	124	53	182	0	0	0	0	79.86	0.00	0.00
ERR3699570	f__Spirochaetaceae	56	235	124	42	193	0	0	0	0	79.61	0.00	0.00
ERR4853671	f__Spirochaetaceae	56	235	124	39	196	0	0	0	0	79.58	0.00	0.00
ERR3684465	f__Spirochaetaceae	56	235	124	35	200	0	0	0	0	79.29	0.00	0.00
ERR3684592	f__Spirochaetaceae	56	235	124	45	190	0	0	0	0	79.08	0.00	0.00
ERR3684484	f__Spirochaetaceae	56	235	124	44	191	0	0	0	0	78.78	0.00	0.00
ERR3684587	f__Spirochaetaceae	56	235	124	44	191	0	0	0	0	78.73	0.00	0.00
ERR5207014	f__Spirochaetaceae	56	235	124	53	182	0	0	0	0	78.11	0.00	0.00
ERR4899237	f__Spirochaetaceae	56	235	124	47	188	0	0	0	0	77.89	0.00	0.00
ERR4853648	f__Spirochaetaceae	56	235	124	60	175	0	0	0	0	76.41	0.00	0.00
ERR4045376	f__Spirochaetaceae	56	235	124	58	177	0	0	0	0	76.08	0.00	0.00
ERR5210574	f__Spirochaetaceae	56	235	124	60	175	0	0	0	0	75.93	0.00	0.00
ERR3684464	f__Spirochaetaceae	56	235	124	52	183	0	0	0	0	74.87	0.00	0.00
ERR5207013	f__Spirochaetaceae	56	235	124	64	171	0	0	0	0	74.32	0.00	0.00
ERR4853673	f__Spirochaetaceae	56	235	124	62	173	0	0	0	0	74.25	0.00	0.00
ERR4045393	f__Spirochaetaceae	56	235	124	65	170	0	0	0	0	74.14	0.00	0.00
ERR4853546	f__Spirochaetaceae	56	235	124	57	178	0	0	0	0	73.97	0.00	0.00
ERR3684656	f__Spirochaetaceae	56	235	124	54	181	0	0	0	0	73.65	0.00	0.00
ERR3684660	f__Spirochaetaceae	56	235	124	52	183	0	0	0	0	73.56	0.00	0.00
ERR3684611	f__Spirochaetaceae	56	235	124	63	172	0	0	0	0	73.41	0.00	0.00
ERR3684630	f__Spirochaetaceae	56	235	124	60	175	0	0	0	0	73.38	0.00	0.00
ERR5207006	f__Spirochaetaceae	56	235	124	78	157	0	0	0	0	72.76	0.00	0.00
ERR3684516	f__Spirochaetaceae	56	235	124	63	172	0	0	0	0	72.75	0.00	0.00
ERR3684665	f__Spirochaetaceae	56	235	124	61	174	0	0	0	0	72.65	0.00	0.00
ERR3684602	f__Spirochaetaceae	56	235	124	68	167	0	0	0	0	72.18	0.00	0.00
ERR3684462	f__Spirochaetaceae	56	235	124	68	167	0	0	0	0	71.62	0.00	0.00
ERR3684639	f__Spirochaetaceae	56	235	124	61	174	0	0	0	0	71.46	0.00	0.00
ERR3684724	f__Spirochaetaceae	56	235	124	70	165	0	0	0	0	70.84	0.00	0.00
ERR4853578	f__Spirochaetaceae	56	235	124	77	158	0	0	0	0	69.98	0.00	0.00
ERR3684671	f__Spirochaetaceae	56	235	124	67	168	0	0	0	0	69.78	0.00	0.00
ERR3684687	f__Spirochaetaceae	56	235	124	59	176	0	0	0	0	69.52	0.00	0.00
ERR7123587	f__Spirochaetaceae	56	235	124	72	163	0	0	0	0	69.40	0.00	0.00
ERR4045382	f__Spirochaetaceae	56	235	124	80	155	0	0	0	0	68.55	0.00	0.00
ERR3684748	f__Spirochaetaceae	56	235	124	74	161	0	0	0	0	67.97	0.00	0.00
ERR4853647	f__Spirochaetaceae	56	235	124	65	170	0	0	0	0	67.92	0.00	0.00
ERR4899234	f__Spirochaetaceae	56	235	124	67	168	0	0	0	0	67.82	0.00	0.00
ERR4853548	f__Spirochaetaceae	56	235	124	93	142	0	0	0	0	67.73	0.00	0.00
ERR5206988	f__Spirochaetaceae	56	235	124	93	142	0	0	0	0	67.67	0.00	0.00
ERR4853564	f__Spirochaetaceae	56	235	124	88	147	0	0	0	0	67.60	0.00	0.00
ERR4853633	f__Spirochaetaceae	56	235	124	92	143	0	0	0	0	67.52	0.00	0.00
ERR3684543	f__Spirochaetaceae	56	235	124	78	157	0	0	0	0	66.62	0.00	0.00
ERR4899199	f__Spirochaetaceae	56	235	124	82	153	0	0	0	0	66.47	0.00	0.00
ERR5206993	f__Spirochaetaceae	56	235	124	79	156	0	0	0	0	66.42	0.00	0.00
ERR4853621	f__Spirochaetaceae	56	235	124	87	148	0	0	0	0	66.22	0.00	0.00
ERR3684703	f__Spirochaetaceae	56	235	124	73	162	0	0	0	0	65.54	0.00	0.00
ERR3684750	f__Spirochaetaceae	56	235	124	77	158	0	0	0	0	65.52	0.00	0.00
ERR3684698	f__Spirochaetaceae	56	235	124	68	167	0	0	0	0	65.31	0.00	0.00
ERR3684496	f__Spirochaetaceae	56	235	124	76	159	0	0	0	0	65.05	0.00	0.00
ERR3684708	f__Spirochaetaceae	56	235	124	77	158	0	0	0	0	65.04	0.00	0.00
ERR3684655	f__Spirochaetaceae	56	235	124	75	160	0	0	0	0	64.78	0.00	0.00
ERR3684673	f__Spirochaetaceae	56	235	124	72	163	0	0	0	0	64.51	0.00	0.00
ERR3684681	f__Spirochaetaceae	56	235	124	78	157	0	0	0	0	64.10	0.00	0.00
ERR4853636	f__Spirochaetaceae	56	235	124	91	144	0	0	0	0	63.52	0.00	0.00
ERR5210567	f__Spirochaetaceae	56	235	124	93	142	0	0	0	0	62.95	0.00	0.00
ERR4899221	f__Spirochaetaceae	56	235	124	89	146	0	0	0	0	62.83	0.00	0.00
ERR3811625	f__Spirochaetaceae	56	235	124	78	157	0	0	0	0	62.03	0.00	0.00
ERR3684746	f__Spirochaetaceae	56	235	124	86	149	0	0	0	0	61.82	0.00	0.00
ERR3684463	f__Spirochaetaceae	56	235	124	82	153	0	0	0	0	61.78	0.00	0.00
ERR3699567	f__Spirochaetaceae	56	235	124	99	136	0	0	0	0	61.23	0.00	0.00
ERR4899235	f__Spirochaetaceae	56	235	124	98	137	0	0	0	0	61.07	0.00	0.00
ERR4899229	f__Spirochaetaceae	56	235	124	84	151	0	0	0	0	61.01	0.00	0.00
ERR7123589	f__Spirochaetaceae	56	235	124	90	145	0	0	0	0	60.98	0.00	0.00
ERR4853675	f__Spirochaetaceae	56	235	124	87	148	0	0	0	0	60.74	0.00	0.00
ERR3811631	f__Spirochaetaceae	56	235	124	91	144	0	0	0	0	60.61	0.00	0.00
ERR3684549	f__Spirochaetaceae	56	235	124	89	146	0	0	0	0	60.50	0.00	0.00
ERR3684749	f__Spirochaetaceae	56	235	124	100	135	0	0	0	0	60.43	0.00	0.00
ERR3684593	f__Spirochaetaceae	56	235	124	88	147	0	0	0	0	60.14	0.00	0.00
ERR3684589	f__Spirochaetaceae	56	235	124	81	154	0	0	0	0	60.00	0.00	0.00
ERR3684697	f__Spirochaetaceae	56	235	124	89	146	0	0	0	0	60.00	0.00	0.00
ERR4853558	f__Spirochaetaceae	56	235	124	87	148	0	0	0	0	59.61	0.00	0.00
ERR4899246	f__Spirochaetaceae	56	235	124	98	137	0	0	0	0	59.45	0.00	0.00
ERR5210564	f__Spirochaetaceae	56	235	124	102	133	0	0	0	0	58.51	0.00	0.00
ERR3684739	f__Spirochaetaceae	56	235	124	93	142	0	0	0	0	58.51	0.00	0.00
ERR3684667	f__Spirochaetaceae	56	235	124	95	140	0	0	0	0	58.20	0.00	0.00
ERR4045388	f__Spirochaetaceae	56	235	124	86	149	0	0	0	0	58.11	0.00	0.00
ERR3684723	f__Spirochaetaceae	56	235	124	95	140	0	0	0	0	57.92	0.00	0.00
ERR3684634	f__Spirochaetaceae	56	235	124	89	146	0	0	0	0	57.53	0.00	0.00
ERR3684601	f__Spirochaetaceae	56	235	124	93	142	0	0	0	0	57.52	0.00	0.00
ERR3684632	f__Spirochaetaceae	56	235	124	87	148	0	0	0	0	57.22	0.00	0.00
ERR4853630	f__Spirochaetaceae	56	235	124	95	140	0	0	0	0	56.68	0.00	0.00
ERR4853659	f__Spirochaetaceae	56	235	124	108	127	0	0	0	0	56.42	0.00	0.00
ERR3699557	f__Spirochaetaceae	56	235	124	93	142	0	0	0	0	56.29	0.00	0.00
ERR3684594	f__Spirochaetaceae	56	235	124	91	144	0	0	0	0	56.01	0.00	0.00
ERR4853635	f__Spirochaetaceae	56	235	124	102	133	0	0	0	0	55.55	0.00	0.00
ERR3699576	f__Spirochaetaceae	56	235	124	100	135	0	0	0	0	55.49	0.00	0.00
ERR5206976	f__Spirochaetaceae	56	235	124	103	132	0	0	0	0	55.47	0.00	0.00
ERR3684635	f__Spirochaetaceae	56	235	124	99	136	0	0	0	0	55.40	0.00	0.00
ERR5210580	f__Spirochaetaceae	56	235	124	98	137	0	0	0	0	55.11	0.00	0.00
ERR3684527	f__Spirochaetaceae	56	235	124	103	132	0	0	0	0	54.68	0.00	0.00
ERR4853624	f__Spirochaetaceae	56	235	124	107	128	0	0	0	0	54.63	0.00	0.00
ERR3684676	f__Spirochaetaceae	56	235	124	102	133	0	0	0	0	53.75	0.00	0.00
ERR3684536	f__Spirochaetaceae	56	235	124	102	133	0	0	0	0	53.67	0.00	0.00
ERR3684468	f__Spirochaetaceae	56	235	124	94	141	0	0	0	0	53.50	0.00	0.00
ERR5206981	f__Spirochaetaceae	56	235	124	111	124	0	0	0	0	53.41	0.00	0.00
ERR3684684	f__Spirochaetaceae	56	235	124	106	129	0	0	0	0	53.22	0.00	0.00
ERR3684745	f__Spirochaetaceae	56	235	124	99	136	0	0	0	0	53.13	0.00	0.00
ERR4853538	f__Spirochaetaceae	56	235	124	112	123	0	0	0	0	53.01	0.00	0.00
ERR3684488	f__Spirochaetaceae	56	235	124	112	123	0	0	0	0	52.69	0.00	0.00
ERR3684646	f__Spirochaetaceae	56	235	124	107	128	0	0	0	0	52.51	0.00	0.00
ERR4899223	f__Spirochaetaceae	56	235	124	111	124	0	0	0	0	52.34	0.00	0.00
ERR3684532	f__Spirochaetaceae	56	235	124	105	130	0	0	0	0	51.60	0.00	0.00
ERR5206989	f__Spirochaetaceae	56	235	124	125	110	0	0	0	0	51.54	0.00	0.00
ERR5207022	f__Spirochaetaceae	56	235	124	113	122	0	0	0	0	51.24	0.00	0.00
ERR3684680	f__Spirochaetaceae	56	235	124	116	119	0	0	0	0	49.95	0.00	0.00
ERR3684727	f__Spirochaetaceae	56	235	124	103	132	0	0	0	0	49.41	0.00	0.00
ERR5206995	f__Spirochaetaceae	56	235	124	120	115	0	0	0	0	49.35	0.00	0.00
ERR4899239	f__Spirochaetaceae	56	235	124	109	126	0	0	0	0	49.28	0.00	0.00
ERR4853650	f__Spirochaetaceae	56	235	124	124	111	0	0	0	0	48.97	0.00	0.00
ERR5206992	f__Spirochaetaceae	56	235	124	125	110	0	0	0	0	48.93	0.00	0.00
ERR4853626	f__Spirochaetaceae	56	235	124	136	99	0	0	0	0	48.16	0.00	0.00
ERR3684707	f__Spirochaetaceae	56	235	124	123	112	0	0	0	0	47.64	0.00	0.00
ERR4853634	f__Spirochaetaceae	56	235	124	123	112	0	0	0	0	47.52	0.00	0.00
ERR3699556	f__Spirochaetaceae	56	235	124	115	120	0	0	0	0	47.18	0.00	0.00
ERR7123583	f__Spirochaetaceae	56	235	124	129	106	0	0	0	0	46.65	0.00	0.00
ERR5207033	f__Spirochaetaceae	56	235	124	117	118	0	0	0	0	46.56	0.00	0.00
ERR5206991	f__Spirochaetaceae	56	235	124	131	104	0	0	0	0	46.53	0.00	0.00
ERR4853608	f__Spirochaetaceae	56	235	124	122	113	0	0	0	0	45.28	0.00	0.00
ERR5206994	f__Spirochaetaceae	56	235	124	137	98	0	0	0	0	45.23	0.00	0.00
ERR5210565	f__Spirochaetaceae	56	235	124	131	104	0	0	0	0	44.76	0.00	0.00
ERR4853657	f__Spirochaetaceae	56	235	124	141	94	0	0	0	0	44.53	0.00	0.00
ERR5206980	f__Spirochaetaceae	56	235	124	142	93	0	0	0	0	43.92	0.00	0.00
ERR3699563	f__Spirochaetaceae	56	235	124	130	105	0	0	0	0	43.13	0.00	0.00
ERR5206998	f__Spirochaetaceae	56	235	124	147	88	0	0	0	0	42.66	0.00	0.00
ERR3684743	f__Spirochaetaceae	56	235	124	133	102	0	0	0	0	42.61	0.00	0.00
ERR4853655	f__Spirochaetaceae	56	235	124	143	92	0	0	0	0	42.53	0.00	0.00
ERR4853612	f__Spirochaetaceae	56	235	124	146	89	0	0	0	0	42.14	0.00	0.00
ERR5207001	k__Bacteria	5449	99	54	69	30	0	0	0	0	42.04	0.00	0.00
ERR3699562	f__Spirochaetaceae	56	235	124	119	116	0	0	0	0	42.00	0.00	0.00
ERR3684529	f__Spirochaetaceae	56	235	124	131	104	0	0	0	0	41.87	0.00	0.00
ERR3699560	f__Spirochaetaceae	56	235	124	132	103	0	0	0	0	41.86	0.00	0.00
ERR3684481	f__Spirochaetaceae	56	235	124	123	112	0	0	0	0	41.20	0.00	0.00
ERR5206964	f__Spirochaetaceae	56	235	124	147	88	0	0	0	0	40.96	0.00	0.00
ERR4853628	f__Spirochaetaceae	56	235	124	143	92	0	0	0	0	40.92	0.00	0.00
ERR3699566	f__Spirochaetaceae	56	235	124	132	103	0	0	0	0	40.90	0.00	0.00
ERR5207021	f__Spirochaetaceae	56	235	124	144	91	0	0	0	0	40.68	0.00	0.00
ERR3684728	f__Spirochaetaceae	56	235	124	127	108	0	0	0	0	40.66	0.00	0.00
ERR4899208	f__Spirochaetaceae	56	235	124	140	95	0	0	0	0	40.49	0.00	0.00
ERR3684712	f__Spirochaetaceae	56	235	124	132	103	0	0	0	0	40.26	0.00	0.00
ERR5206986	f__Spirochaetaceae	56	235	124	146	89	0	0	0	0	39.89	0.00	0.00
ERR3684713	f__Spirochaetaceae	56	235	124	124	111	0	0	0	0	39.28	0.00	0.00
ERR3811628	f__Spirochaetaceae	56	235	124	140	95	0	0	0	0	39.09	0.00	0.00
ERR3684685	f__Spirochaetaceae	56	235	124	137	98	0	0	0	0	38.75	0.00	0.00
ERR3684744	f__Spirochaetaceae	56	235	124	135	100	0	0	0	0	38.07	0.00	0.00
ERR3684505	f__Spirochaetaceae	56	235	124	141	94	0	0	0	0	37.97	0.00	0.00
ERR3699561	f__Spirochaetaceae	56	235	124	136	99	0	0	0	0	37.34	0.00	0.00
ERR4853552	k__Bacteria	5449	99	54	70	29	0	0	0	0	37.32	0.00	0.00
ERR5207004	f__Spirochaetaceae	56	235	124	150	85	0	0	0	0	37.13	0.00	0.00
ERR3684747	f__Spirochaetaceae	56	235	124	147	88	0	0	0	0	36.80	0.00	0.00
ERR5206979	f__Spirochaetaceae	56	235	124	155	80	0	0	0	0	36.61	0.00	0.00
ERR4853557	f__Spirochaetaceae	56	235	124	145	90	0	0	0	0	36.57	0.00	0.00
ERR3811630	f__Spirochaetaceae	56	235	124	160	75	0	0	0	0	36.08	0.00	0.00
ERR3684561	f__Spirochaetaceae	56	235	124	140	95	0	0	0	0	35.76	0.00	0.00
ERR5207002	k__Bacteria	5449	99	54	73	26	0	0	0	0	35.66	0.00	0.00
ERR4899233	f__Spirochaetaceae	56	235	124	146	89	0	0	0	0	35.60	0.00	0.00
ERR3699581	k__Bacteria	5449	99	54	69	30	0	0	0	0	35.59	0.00	0.00
ERR3684714	f__Spirochaetaceae	56	235	124	152	83	0	0	0	0	35.25	0.00	0.00
ERR4853575	f__Spirochaetaceae	56	235	124	157	78	0	0	0	0	35.09	0.00	0.00
ERR3811643	f__Spirochaetaceae	56	235	124	146	89	0	0	0	0	34.91	0.00	0.00
ERR3699568	f__Spirochaetaceae	56	235	124	141	94	0	0	0	0	34.89	0.00	0.00
ERR3684638	f__Spirochaetaceae	56	235	124	149	86	0	0	0	0	34.87	0.00	0.00
ERR5206971	f__Spirochaetaceae	56	235	124	157	78	0	0	0	0	34.80	0.00	0.00
ERR3699559	f__Spirochaetaceae	56	235	124	146	89	0	0	0	0	34.78	0.00	0.00
ERR3684704	f__Spirochaetaceae	56	235	124	155	80	0	0	0	0	34.47	0.00	0.00
ERR3684506	f__Spirochaetaceae	56	235	124	147	88	0	0	0	0	34.23	0.00	0.00
ERR3684753	f__Spirochaetaceae	56	235	124	154	81	0	0	0	0	34.12	0.00	0.00
ERR3684590	f__Spirochaetaceae	56	235	124	154	81	0	0	0	0	33.82	0.00	0.00
ERR5206966	k__Bacteria	5449	99	54	76	23	0	0	0	0	33.50	0.00	0.00
ERR4899207	k__Bacteria	5449	99	54	72	27	0	0	0	0	33.48	0.00	0.00
ERR3684752	f__Spirochaetaceae	56	235	124	156	79	0	0	0	0	33.24	0.00	0.00
ERR5210571	f__Spirochaetaceae	56	235	124	162	73	0	0	0	0	33.07	0.00	0.00
ERR3684718	f__Spirochaetaceae	56	235	124	157	78	0	0	0	0	32.78	0.00	0.00
ERR4853656	k__Bacteria	5449	99	54	76	23	0	0	0	0	32.10	0.00	0.00
ERR4853637	k__Bacteria	5449	99	54	77	22	0	0	0	0	31.17	0.00	0.00
ERR5207023	f__Spirochaetaceae	56	235	124	154	81	0	0	0	0	31.10	0.00	0.00
ERR4899218	f__Spirochaetaceae	56	235	124	161	74	0	0	0	0	30.79	0.00	0.00
ERR3811629	f__Spirochaetaceae	56	235	124	148	87	0	0	0	0	30.76	0.00	0.00
ERR3684722	f__Spirochaetaceae	56	235	124	151	84	0	0	0	0	29.74	0.00	0.00
ERR5206985	k__Bacteria	5449	99	54	80	19	0	0	0	0	29.63	0.00	0.00
ERR5206975	k__Bacteria	5449	99	54	78	21	0	0	0	0	29.49	0.00	0.00
ERR4853632	k__Bacteria	5449	99	54	79	20	0	0	0	0	29.32	0.00	0.00
ERR3699564	f__Spirochaetaceae	56	235	124	158	77	0	0	0	0	28.65	0.00	0.00
ERR3684633	f__Spirochaetaceae	56	235	124	151	84	0	0	0	0	28.16	0.00	0.00
ERR3699572	f__Spirochaetaceae	56	235	124	152	83	0	0	0	0	28.06	0.00	0.00
ERR4899205	f__Spirochaetaceae	56	235	124	164	71	0	0	0	0	27.96	0.00	0.00
ERR3811624	f__Spirochaetaceae	56	235	124	156	79	0	0	0	0	27.94	0.00	0.00
ERR3684578	f__Spirochaetaceae	56	235	124	161	74	0	0	0	0	27.81	0.00	0.00
ERR3684682	f__Spirochaetaceae	56	235	124	160	75	0	0	0	0	27.74	0.00	0.00
ERR3684508	f__Spirochaetaceae	56	235	124	168	67	0	0	0	0	27.55	0.00	0.00
ERR3699573	f__Spirochaetaceae	56	235	124	163	72	0	0	0	0	27.52	0.00	0.00
ERR5206967	k__Bacteria	5449	99	54	79	20	0	0	0	0	27.39	0.00	0.00
ERR4853686	f__Spirochaetaceae	56	235	124	163	72	0	0	0	0	27.17	0.00	0.00
ERR4853669	f__Spirochaetaceae	56	235	124	170	65	0	0	0	0	26.89	0.00	0.00
ERR5206999	k__Bacteria	5449	99	54	78	21	0	0	0	0	26.74	0.00	0.00
ERR3684764	f__Spirochaetaceae	56	235	124	173	62	0	0	0	0	26.51	0.00	0.00
ERR5206968	f__Spirochaetaceae	56	235	124	180	55	0	0	0	0	26.33	0.00	0.00
ERR3684612	f__Spirochaetaceae	56	235	124	168	67	0	0	0	0	25.95	0.00	0.00
ERR4853576	k__Bacteria	5449	99	54	79	20	0	0	0	0	25.88	0.00	0.00
ERR3699571	f__Spirochaetaceae	56	235	124	166	69	0	0	0	0	25.83	0.00	0.00
ERR3684672	f__Spirochaetaceae	56	235	124	147	88	0	0	0	0	25.81	0.00	0.00
ERR3684675	f__Spirochaetaceae	56	235	124	174	61	0	0	0	0	25.79	0.00	0.00
ERR4853642	f__Spirochaetaceae	56	235	124	172	63	0	0	0	0	25.79	0.00	0.00
ERR5206978	k__Bacteria	5449	99	54	79	20	0	0	0	0	25.67	0.00	0.00
ERR3684742	f__Spirochaetaceae	56	235	124	157	78	0	0	0	0	25.66	0.00	0.00
ERR4853627	k__Bacteria	5449	99	54	78	21	0	0	0	0	25.51	0.00	0.00
ERR4853622	k__Bacteria	5449	99	54	78	21	0	0	0	0	25.32	0.00	0.00
ERR3684606	f__Spirochaetaceae	56	235	124	168	67	0	0	0	0	25.32	0.00	0.00
ERR5206987	f__Spirochaetaceae	56	235	124	183	52	0	0	0	0	25.17	0.00	0.00
ERR5207000	k__Bacteria	5449	99	54	83	16	0	0	0	0	25.00	0.00	0.00
ERR5206996	f__Spirochaetaceae	56	235	124	182	53	0	0	0	0	24.44	0.00	0.00
ERR3684650	f__Spirochaetaceae	56	235	124	171	64	0	0	0	0	24.21	0.00	0.00
ERR5206969	f__Spirochaetaceae	56	235	124	179	56	0	0	0	0	24.07	0.00	0.00
ERR3811627	f__Spirochaetaceae	56	235	124	173	62	0	0	0	0	23.77	0.00	0.00
ERR5206982	k__Bacteria	5449	99	54	81	18	0	0	0	0	23.48	0.00	0.00
ERR3684645	f__Spirochaetaceae	56	235	124	179	56	0	0	0	0	23.19	0.00	0.00
ERR3684595	k__Bacteria	5449	99	54	78	21	0	0	0	0	23.05	0.00	0.00
ERR3811642	f__Spirochaetaceae	56	235	124	172	63	0	0	0	0	22.03	0.00	0.00
ERR4853649	k__Bacteria	5449	99	54	79	20	0	0	0	0	21.95	0.00	0.00
ERR3684629	f__Spirochaetaceae	56	235	124	180	55	0	0	0	0	21.94	0.00	0.00
ERR3684758	f__Spirochaetaceae	56	235	124	168	67	0	0	0	0	21.74	0.00	0.00
ERR5206983	k__Bacteria	5449	99	54	83	16	0	0	0	0	21.60	0.00	0.00
ERR3684674	k__Bacteria	5449	99	54	84	15	0	0	0	0	21.28	0.00	0.00
ERR3684503	f__Spirochaetaceae	56	235	124	185	50	0	0	0	0	20.92	0.00	0.00
ERR3699574	f__Spirochaetaceae	56	235	124	169	66	0	0	0	0	20.90	0.00	0.00
ERR4853609	f__Spirochaetaceae	56	235	124	175	60	0	0	0	0	20.86	0.00	0.00
ERR3699569	k__Bacteria	5449	99	54	78	21	0	0	0	0	20.79	0.00	0.00
ERR3684637	f__Spirochaetaceae	56	235	124	190	45	0	0	0	0	20.76	0.00	0.00
ERR4853595	k__Bacteria	5449	99	54	85	14	0	0	0	0	19.98	0.00	0.00
ERR4899225	k__Bacteria	5449	99	54	80	19	0	0	0	0	19.98	0.00	0.00
ERR4853574	k__Bacteria	5449	99	54	81	18	0	0	0	0	19.76	0.00	0.00
ERR5312319	k__Bacteria	5449	99	54	84	15	0	0	0	0	19.44	0.00	0.00
ERR5210566	f__Spirochaetaceae	56	235	124	185	50	0	0	0	0	19.40	0.00	0.00
ERR5206973	k__Bacteria	5449	99	54	85	14	0	0	0	0	19.14	0.00	0.00
ERR3684591	f__Spirochaetaceae	56	235	124	181	54	0	0	0	0	18.86	0.00	0.00
ERR3684559	k__Bacteria	5449	99	54	82	17	0	0	0	0	18.86	0.00	0.00
ERR3699575	k__Bacteria	5449	99	54	84	15	0	0	0	0	18.64	0.00	0.00
ERR3811634	f__Spirochaetaceae	56	235	124	189	46	0	0	0	0	18.38	0.00	0.00
ERR3684679	k__Bacteria	5449	99	54	86	13	0	0	0	0	18.10	0.00	0.00
ERR3684726	k__Bacteria	5449	99	54	81	18	0	0	0	0	17.85	0.00	0.00
ERR5210573	f__Spirochaetaceae	56	235	124	183	52	0	0	0	0	17.16	0.00	0.00
ERR3684570	f__Spirochaetaceae	56	235	124	182	53	0	0	0	0	17.13	0.00	0.00
ERR4899219	k__Bacteria	5449	99	54	84	15	0	0	0	0	16.58	0.00	0.00
ERR3811636	f__Spirochaetaceae	56	235	124	183	52	0	0	0	0	16.20	0.00	0.00
ERR3811633	f__Spirochaetaceae	56	235	124	182	53	0	0	0	0	16.13	0.00	0.00
ERR4853638	k__Bacteria	5449	99	54	87	12	0	0	0	0	15.91	0.00	0.00
ERR5312314	k__Bacteria	5449	99	54	87	12	0	0	0	0	15.74	0.00	0.00
ERR3684717	f__Spirochaetaceae	56	235	124	193	42	0	0	0	0	15.60	0.00	0.00
ERR3684670	f__Spirochaetaceae	56	235	124	188	47	0	0	0	0	15.56	0.00	0.00
ERR3684720	f__Spirochaetaceae	56	235	124	198	37	0	0	0	0	14.48	0.00	0.00
ERR3684710	k__Bacteria	5449	99	54	82	17	0	0	0	0	14.36	0.00	0.00
ERR3684751	f__Spirochaetaceae	56	235	124	192	43	0	0	0	0	14.00	0.00	0.00
ERR3684763	f__Spirochaetaceae	56	235	124	203	32	0	0	0	0	13.69	0.00	0.00
ERR4853607	k__Bacteria	5449	99	54	87	12	0	0	0	0	13.67	0.00	0.00
ERR5312352	k__Bacteria	5449	99	54	90	9	0	0	0	0	13.58	0.00	0.00
ERR3684677	k__Bacteria	5449	99	54	83	16	0	0	0	0	13.23	0.00	0.00
ERR5312337	k__Bacteria	5449	99	54	89	10	0	0	0	0	13.13	0.00	0.00
ERR5206997	k__Bacteria	5449	99	54	89	10	0	0	0	0	13.13	0.00	0.00
ERR3684699	k__Bacteria	5449	99	54	81	18	0	0	0	0	13.00	0.00	0.00
ERR4853685	k__Bacteria	5449	99	54	86	13	0	0	0	0	12.88	0.00	0.00
ERR3684721	f__Spirochaetaceae	56	235	124	196	39	0	0	0	0	12.84	0.00	0.00
ERR3684518	k__Bacteria	5449	99	54	88	11	0	0	0	0	12.54	0.00	0.00
ERR3811639	k__Bacteria	5449	99	54	92	7	0	0	0	0	12.04	0.00	0.00
ERR3684617	f__Spirochaetaceae	56	235	124	199	36	0	0	0	0	11.97	0.00	0.00
ERR4853654	f__Spirochaetaceae	56	235	124	195	40	0	0	0	0	11.67	0.00	0.00
ERR3684711	k__Bacteria	5449	99	54	88	11	0	0	0	0	11.48	0.00	0.00
ERR3684678	k__Bacteria	5449	99	54	83	16	0	0	0	0	11.07	0.00	0.00
ERR3811635	f__Spirochaetaceae	56	235	124	198	37	0	0	0	0	10.95	0.00	0.00
ERR3684683	k__Bacteria	5449	99	54	81	18	0	0	0	0	10.76	0.00	0.00
ERR3699579	k__Bacteria	5449	99	54	91	8	0	0	0	0	10.35	0.00	0.00
ERR3684563	f__Spirochaetaceae	56	235	124	202	33	0	0	0	0	10.29	0.00	0.00
ERR3684541	k__Bacteria	5449	99	54	87	12	0	0	0	0	10.27	0.00	0.00
ERR5312317	k__Bacteria	5449	99	54	92	7	0	0	0	0	10.19	0.00	0.00
ERR5312312	k__Bacteria	5449	99	54	93	6	0	0	0	0	10.19	0.00	0.00
ERR4853646	k__Bacteria	5449	99	54	92	7	0	0	0	0	10.19	0.00	0.00
ERR5312342	k__Bacteria	5449	99	54	90	9	0	0	0	0	10.00	0.00	0.00
ERR5312311	k__Bacteria	5449	99	54	91	8	0	0	0	0	9.88	0.00	0.00
ERR5312325	k__Bacteria	5449	99	54	92	7	0	0	0	0	9.26	0.00	0.00
ERR3684716	k__Bacteria	5449	99	54	90	9	0	0	0	0	9.21	0.00	0.00
ERR3684740	f__Spirochaetaceae	56	235	124	205	30	0	0	0	0	9.03	0.00	0.00
ERR3684761	f__Spirochaetaceae	56	235	124	209	26	0	0	0	0	8.83	0.00	0.00
ERR3684664	k__Bacteria	5449	99	54	91	8	0	0	0	0	8.48	0.00	0.00
ERR5312321	k__Bacteria	5449	99	54	93	6	0	0	0	0	8.33	0.00	0.00
ERR5206965	k__Bacteria	5449	99	54	93	6	0	0	0	0	8.33	0.00	0.00
ERR3699582	root	5656	56	24	54	2	0	0	0	0	8.33	0.00	0.00
ERR4899244	k__Bacteria	5449	99	54	90	9	0	0	0	0	7.74	0.00	0.00
ERR5312322	k__Bacteria	5449	99	54	94	5	0	0	0	0	7.41	0.00	0.00
ERR5207024	k__Bacteria	5449	99	54	93	6	0	0	0	0	7.41	0.00	0.00
ERR4899240	k__Bacteria	5449	99	54	94	5	0	0	0	0	7.41	0.00	0.00
ERR4853639	k__Bacteria	5449	99	54	94	5	0	0	0	0	7.41	0.00	0.00
ERR3699558	k__Bacteria	5449	99	54	95	4	0	0	0	0	7.41	0.00	0.00
ERR5206977	k__Bacteria	5449	99	54	93	6	0	0	0	0	7.27	0.00	0.00
ERR3684545	k__Bacteria	5449	99	54	88	11	0	0	0	0	7.10	0.00	0.00
ERR3684513	k__Bacteria	5449	99	54	93	6	0	0	0	0	7.02	0.00	0.00
ERR3684614	k__Bacteria	5449	99	54	91	8	0	0	0	0	6.99	0.00	0.00
ERR3684719	k__Bacteria	5449	99	54	90	9	0	0	0	0	6.97	0.00	0.00
ERR3811626	k__Bacteria	5449	99	54	88	11	0	0	0	0	6.73	0.00	0.00
ERR3684709	k__Bacteria	5449	99	54	90	9	0	0	0	0	6.60	0.00	0.00
ERR5312353	k__Bacteria	5449	99	54	95	4	0	0	0	0	6.48	0.00	0.00
ERR5312320	k__Bacteria	5449	99	54	93	6	0	0	0	0	6.48	0.00	0.00
ERR3699578	k__Bacteria	5449	99	54	84	15	0	0	0	0	6.13	0.00	0.00
ERR7168272	k__Bacteria	5449	99	54	92	7	0	0	0	0	6.06	0.00	0.00
ERR5312323	k__Bacteria	5449	99	54	96	3	0	0	0	0	5.56	0.00	0.00
ERR5312315	k__Bacteria	5449	99	54	95	4	0	0	0	0	5.56	0.00	0.00
ERR3684546	k__Bacteria	5449	99	54	93	6	0	0	0	0	5.13	0.00	0.00
ERR3699565	k__Bacteria	5449	99	54	94	5	0	0	0	0	4.80	0.00	0.00
ERR3811638	k__Bacteria	5449	99	54	96	3	0	0	0	0	4.63	0.00	0.00
ERR3684621	k__Bacteria	5449	99	54	95	4	0	0	0	0	4.24	0.00	0.00
ERR3811662	root	5656	56	24	55	1	0	0	0	0	4.17	0.00	0.00
ERR7123577	k__Bacteria	5449	99	54	94	5	0	0	0	0	4.04	0.00	0.00
ERR3684762	k__Bacteria	5449	99	54	95	4	0	0	0	0	4.04	0.00	0.00
ERR3811641	k__Bacteria	5449	99	54	96	3	0	0	0	0	3.87	0.00	0.00
ERR3684759	k__Bacteria	5449	99	54	96	3	0	0	0	0	3.70	0.00	0.00
ERR4899220	k__Bacteria	5449	99	54	94	5	0	0	0	0	3.28	0.00	0.00
ERR5312332	k__Bacteria	5449	99	54	97	2	0	0	0	0	2.78	0.00	0.00
ERR3699580	k__Bacteria	5449	99	54	94	5	0	0	0	0	2.73	0.00	0.00
ERR3684649	k__Bacteria	5449	99	54	94	5	0	0	0	0	2.36	0.00	0.00
ERR3811640	k__Bacteria	5449	99	54	97	2	0	0	0	0	2.02	0.00	0.00
ERR3684627	k__Bacteria	5449	99	54	97	2	0	0	0	0	2.02	0.00	0.00
ERR5312338	k__Bacteria	5449	99	54	98	1	0	0	0	0	1.85	0.00	0.00
ERR5312310	k__Bacteria	5449	99	54	98	1	0	0	0	0	1.85	0.00	0.00
ERR3699586	k__Bacteria	5449	99	54	98	1	0	0	0	0	1.85	0.00	0.00
ERR3684776	k__Bacteria	5449	99	54	98	1	0	0	0	0	1.85	0.00	0.00
ERR3684689	k__Bacteria	5449	99	54	98	1	0	0	0	0	1.85	0.00	0.00
ERR3684636	k__Bacteria	5449	99	54	98	1	0	0	0	0	1.85	0.00	0.00
ERR3811644	k__Bacteria	5449	99	54	96	3	0	0	0	0	1.46	0.00	0.00
ERR3811632	k__Bacteria	5449	99	54	92	7	0	0	0	0	1.18	0.00	0.00
ERR3684737	k__Bacteria	5449	99	54	95	4	0	0	0	0	1.12	0.00	0.00
ERR4853581	k__Bacteria	5449	99	54	97	2	0	0	0	0	1.09	0.00	0.00
ERR3684562	k__Bacteria	5449	99	54	97	2	0	0	0	0	0.99	0.00	0.00
ERR5312347	k__Bacteria	5449	99	54	98	1	0	0	0	0	0.93	0.00	0.00
ERR5312345	k__Bacteria	5449	99	54	98	1	0	0	0	0	0.93	0.00	0.00
ERR5312334	k__Bacteria	5449	99	54	98	1	0	0	0	0	0.93	0.00	0.00
ERR5312316	k__Bacteria	5449	99	54	98	1	0	0	0	0	0.93	0.00	0.00
ERR4899232	k__Bacteria	5449	99	54	98	1	0	0	0	0	0.93	0.00	0.00
ERR3699591	k__Bacteria	5449	99	54	98	1	0	0	0	0	0.93	0.00	0.00
ERR3684705	k__Bacteria	5449	99	54	97	2	0	0	0	0	0.34	0.00	0.00
ERR3684770	k__Bacteria	5449	99	54	98	1	0	0	0	0	0.17	0.00	0.00
ERR3684768	k__Bacteria	5449	99	54	98	1	0	0	0	0	0.17	0.00	0.00
ERR3684766	k__Bacteria	5449	99	54	98	1	0	0	0	0	0.17	0.00	0.00
ERR3684756	k__Bacteria	5449	99	54	98	1	0	0	0	0	0.17	0.00	0.00
ERR3684729	k__Bacteria	5449	99	54	98	1	0	0	0	0	0.17	0.00	0.00
ERR3684586	k__Bacteria	5449	99	54	98	1	0	0	0	0	0.17	0.00	0.00
ERR3684514	k__Bacteria	5449	99	54	98	1	0	0	0	0	0.17	0.00	0.00
ERR7168274	root	5656	56	24	56	0	0	0	0	0	0.00	0.00	0.00
ERR7168273	root	5656	56	24	56	0	0	0	0	0	0.00	0.00	0.00
ERR7168271	root	5656	56	24	56	0	0	0	0	0	0.00	0.00	0.00
ERR7168270	root	5656	56	24	56	0	0	0	0	0	0.00	0.00	0.00
ERR7168269	root	5656	56	24	56	0	0	0	0	0	0.00	0.00	0.00
ERR7123578	root	5656	56	24	56	0	0	0	0	0	0.00	0.00	0.00
ERR5312355	root	5656	56	24	56	0	0	0	0	0	0.00	0.00	0.00
ERR5312354	root	5656	56	24	56	0	0	0	0	0	0.00	0.00	0.00
ERR5312351	root	5656	56	24	56	0	0	0	0	0	0.00	0.00	0.00
ERR5312350	root	5656	56	24	56	0	0	0	0	0	0.00	0.00	0.00
ERR5312349	root	5656	56	24	56	0	0	0	0	0	0.00	0.00	0.00
ERR5312348	root	5656	56	24	56	0	0	0	0	0	0.00	0.00	0.00
ERR5312346	root	5656	56	24	56	0	0	0	0	0	0.00	0.00	0.00
ERR5312344	root	5656	56	24	56	0	0	0	0	0	0.00	0.00	0.00
ERR5312343	root	5656	56	24	56	0	0	0	0	0	0.00	0.00	0.00
ERR5312341	root	5656	56	24	56	0	0	0	0	0	0.00	0.00	0.00
ERR5312340	root	5656	56	24	56	0	0	0	0	0	0.00	0.00	0.00
ERR5312339	root	5656	56	24	56	0	0	0	0	0	0.00	0.00	0.00
ERR5312336	root	5656	56	24	56	0	0	0	0	0	0.00	0.00	0.00
ERR5312335	root	5656	56	24	56	0	0	0	0	0	0.00	0.00	0.00
ERR5312333	root	5656	56	24	56	0	0	0	0	0	0.00	0.00	0.00
ERR5312331	root	5656	56	24	56	0	0	0	0	0	0.00	0.00	0.00
ERR5312330	root	5656	56	24	56	0	0	0	0	0	0.00	0.00	0.00
ERR5312329	root	5656	56	24	56	0	0	0	0	0	0.00	0.00	0.00
ERR5312328	root	5656	56	24	56	0	0	0	0	0	0.00	0.00	0.00
ERR5312327	root	5656	56	24	56	0	0	0	0	0	0.00	0.00	0.00
ERR5312324	root	5656	56	24	56	0	0	0	0	0	0.00	0.00	0.00
ERR5312318	root	5656	56	24	56	0	0	0	0	0	0.00	0.00	0.00
ERR5312313	root	5656	56	24	56	0	0	0	0	0	0.00	0.00	0.00
ERR5312309	root	5656	56	24	56	0	0	0	0	0	0.00	0.00	0.00
ERR4899238	root	5656	56	24	56	0	0	0	0	0	0.00	0.00	0.00
ERR4853660	root	5656	56	24	56	0	0	0	0	0	0.00	0.00	0.00
ERR3811665	root	5656	56	24	56	0	0	0	0	0	0.00	0.00	0.00
ERR3811664	root	5656	56	24	56	0	0	0	0	0	0.00	0.00	0.00
ERR3811663	root	5656	56	24	56	0	0	0	0	0	0.00	0.00	0.00
ERR3811661	root	5656	56	24	56	0	0	0	0	0	0.00	0.00	0.00
ERR3811660	root	5656	56	24	56	0	0	0	0	0	0.00	0.00	0.00
ERR3811659	root	5656	56	24	56	0	0	0	0	0	0.00	0.00	0.00
ERR3811658	root	5656	56	24	56	0	0	0	0	0	0.00	0.00	0.00
ERR3811657	root	5656	56	24	56	0	0	0	0	0	0.00	0.00	0.00
ERR3811656	root	5656	56	24	56	0	0	0	0	0	0.00	0.00	0.00
ERR3811655	root	5656	56	24	56	0	0	0	0	0	0.00	0.00	0.00
ERR3811654	root	5656	56	24	56	0	0	0	0	0	0.00	0.00	0.00
ERR3811653	root	5656	56	24	56	0	0	0	0	0	0.00	0.00	0.00
ERR3811652	root	5656	56	24	56	0	0	0	0	0	0.00	0.00	0.00
ERR3811651	root	5656	56	24	56	0	0	0	0	0	0.00	0.00	0.00
ERR3811650	root	5656	56	24	56	0	0	0	0	0	0.00	0.00	0.00
ERR3811649	root	5656	56	24	56	0	0	0	0	0	0.00	0.00	0.00
ERR3811648	root	5656	56	24	56	0	0	0	0	0	0.00	0.00	0.00
ERR3811647	root	5656	56	24	56	0	0	0	0	0	0.00	0.00	0.00
ERR3811646	root	5656	56	24	56	0	0	0	0	0	0.00	0.00	0.00
ERR3811645	root	5656	56	24	56	0	0	0	0	0	0.00	0.00	0.00
ERR3811637	root	5656	56	24	56	0	0	0	0	0	0.00	0.00	0.00
ERR3699597	root	5656	56	24	56	0	0	0	0	0	0.00	0.00	0.00
ERR3699596	root	5656	56	24	56	0	0	0	0	0	0.00	0.00	0.00
ERR3699595	root	5656	56	24	56	0	0	0	0	0	0.00	0.00	0.00
ERR3699594	root	5656	56	24	56	0	0	0	0	0	0.00	0.00	0.00
ERR3699593	root	5656	56	24	56	0	0	0	0	0	0.00	0.00	0.00
ERR3699592	root	5656	56	24	56	0	0	0	0	0	0.00	0.00	0.00
ERR3699590	root	5656	56	24	56	0	0	0	0	0	0.00	0.00	0.00
ERR3699589	root	5656	56	24	56	0	0	0	0	0	0.00	0.00	0.00
ERR3699588	root	5656	56	24	56	0	0	0	0	0	0.00	0.00	0.00
ERR3699587	root	5656	56	24	56	0	0	0	0	0	0.00	0.00	0.00
ERR3699585	root	5656	56	24	56	0	0	0	0	0	0.00	0.00	0.00
ERR3699584	root	5656	56	24	56	0	0	0	0	0	0.00	0.00	0.00
ERR3699583	root	5656	56	24	56	0	0	0	0	0	0.00	0.00	0.00
ERR3699577	root	5656	56	24	56	0	0	0	0	0	0.00	0.00	0.00
ERR3684781	root	5656	56	24	56	0	0	0	0	0	0.00	0.00	0.00
ERR3684780	root	5656	56	24	56	0	0	0	0	0	0.00	0.00	0.00
ERR3684779	root	5656	56	24	56	0	0	0	0	0	0.00	0.00	0.00
ERR3684778	root	5656	56	24	56	0	0	0	0	0	0.00	0.00	0.00
ERR3684777	root	5656	56	24	56	0	0	0	0	0	0.00	0.00	0.00
ERR3684775	root	5656	56	24	56	0	0	0	0	0	0.00	0.00	0.00
ERR3684774	root	5656	56	24	56	0	0	0	0	0	0.00	0.00	0.00
ERR3684773	root	5656	56	24	56	0	0	0	0	0	0.00	0.00	0.00
ERR3684772	root	5656	56	24	56	0	0	0	0	0	0.00	0.00	0.00
ERR3684771	root	5656	56	24	56	0	0	0	0	0	0.00	0.00	0.00
ERR3684769	root	5656	56	24	56	0	0	0	0	0	0.00	0.00	0.00
ERR3684767	root	5656	56	24	56	0	0	0	0	0	0.00	0.00	0.00
ERR3684765	root	5656	56	24	56	0	0	0	0	0	0.00	0.00	0.00
ERR3684760	root	5656	56	24	56	0	0	0	0	0	0.00	0.00	0.00
ERR3684757	root	5656	56	24	56	0	0	0	0	0	0.00	0.00	0.00
ERR3684755	root	5656	56	24	56	0	0	0	0	0	0.00	0.00	0.00
ERR3684754	root	5656	56	24	56	0	0	0	0	0	0.00	0.00	0.00
ERR3684738	root	5656	56	24	56	0	0	0	0	0	0.00	0.00	0.00
ERR3684736	root	5656	56	24	56	0	0	0	0	0	0.00	0.00	0.00
ERR3684735	root	5656	56	24	56	0	0	0	0	0	0.00	0.00	0.00
ERR3684734	root	5656	56	24	56	0	0	0	0	0	0.00	0.00	0.00
ERR3684733	root	5656	56	24	56	0	0	0	0	0	0.00	0.00	0.00
ERR3684732	root	5656	56	24	56	0	0	0	0	0	0.00	0.00	0.00
ERR3684731	root	5656	56	24	56	0	0	0	0	0	0.00	0.00	0.00
ERR3684730	root	5656	56	24	56	0	0	0	0	0	0.00	0.00	0.00
ERR3684715	root	5656	56	24	56	0	0	0	0	0	0.00	0.00	0.00
ERR3684701	root	5656	56	24	56	0	0	0	0	0	0.00	0.00	0.00
ERR3684693	root	5656	56	24	56	0	0	0	0	0	0.00	0.00	0.00
ERR3684692	root	5656	56	24	56	0	0	0	0	0	0.00	0.00	0.00
ERR3684691	root	5656	56	24	56	0	0	0	0	0	0.00	0.00	0.00
ERR3684690	root	5656	56	24	56	0	0	0	0	0	0.00	0.00	0.00
ERR3684688	root	5656	56	24	56	0	0	0	0	0	0.00	0.00	0.00
ERR3684668	root	5656	56	24	56	0	0	0	0	0	0.00	0.00	0.00
ERR3684663	root	5656	56	24	56	0	0	0	0	0	0.00	0.00	0.00
ERR3684662	root	5656	56	24	56	0	0	0	0	0	0.00	0.00	0.00
ERR3684651	root	5656	56	24	56	0	0	0	0	0	0.00	0.00	0.00
ERR3684648	root	5656	56	24	56	0	0	0	0	0	0.00	0.00	0.00
ERR3684640	root	5656	56	24	56	0	0	0	0	0	0.00	0.00	0.00
ERR3684625	root	5656	56	24	56	0	0	0	0	0	0.00	0.00	0.00
ERR3684608	root	5656	56	24	56	0	0	0	0	0	0.00	0.00	0.00
ERR3684607	root	5656	56	24	56	0	0	0	0	0	0.00	0.00	0.00
ERR3684605	root	5656	56	24	56	0	0	0	0	0	0.00	0.00	0.00
ERR3684604	root	5656	56	24	56	0	0	0	0	0	0.00	0.00	0.00
ERR3684603	root	5656	56	24	56	0	0	0	0	0	0.00	0.00	0.00
ERR3684598	root	5656	56	24	56	0	0	0	0	0	0.00	0.00	0.00
ERR3684579	root	5656	56	24	56	0	0	0	0	0	0.00	0.00	0.00
ERR3684554	root	5656	56	24	56	0	0	0	0	0	0.00	0.00	0.00
