Bin.Id	Marker lineage	genomes	markers	marker sets	0	1	2	3	4	5+	Completeness	Contamination	Strain heterogeneity
ERR5210584	f__Spirochaetaceae	56	235	124	0	235	0	0	0	0	100.00	0.00	0.00	
ERR5210582	f__Spirochaetaceae	56	235	124	0	235	0	0	0	0	100.00	0.00	0.00	
ERR5210581	f__Spirochaetaceae	56	235	124	0	234	1	0	0	0	100.00	0.40	0.00	
ERR5210578	f__Spirochaetaceae	56	235	124	0	235	0	0	0	0	100.00	0.00	0.00	
ERR5210572	f__Spirochaetaceae	56	235	124	0	235	0	0	0	0	100.00	0.00	0.00	
ERR5210569	f__Spirochaetaceae	56	235	124	0	235	0	0	0	0	100.00	0.00	0.00	
ERR5210568	f__Spirochaetaceae	56	235	124	0	235	0	0	0	0	100.00	0.00	0.00	
ERR5207031	f__Spirochaetaceae	56	235	124	0	235	0	0	0	0	100.00	0.00	0.00	
ERR5207029	f__Spirochaetaceae	56	235	124	0	235	0	0	0	0	100.00	0.00	0.00	
ERR5207020	f__Spirochaetaceae	56	235	124	0	235	0	0	0	0	100.00	0.00	0.00	
ERR5207019	f__Spirochaetaceae	56	235	124	0	235	0	0	0	0	100.00	0.00	0.00	
ERR5207017	f__Spirochaetaceae	56	235	124	0	235	0	0	0	0	100.00	0.00	0.00	
ERR5207011	f__Spirochaetaceae	56	235	124	0	235	0	0	0	0	100.00	0.00	0.00	
ERR5207009	f__Spirochaetaceae	56	235	124	0	235	0	0	0	0	100.00	0.00	0.00	
ERR5207008	f__Spirochaetaceae	56	235	124	0	235	0	0	0	0	100.00	0.00	0.00	
ERR5207007	f__Spirochaetaceae	56	235	124	0	230	5	0	0	0	100.00	0.59	0.00	
ERR4993362	f__Spirochaetaceae	56	235	124	0	235	0	0	0	0	100.00	0.00	0.00	
ERR4993361	f__Spirochaetaceae	56	235	124	0	235	0	0	0	0	100.00	0.00	0.00	
ERR4993359	f__Spirochaetaceae	56	235	124	0	235	0	0	0	0	100.00	0.00	0.00	
ERR4993358	f__Spirochaetaceae	56	235	124	0	235	0	0	0	0	100.00	0.00	0.00	
ERR4993356	f__Spirochaetaceae	56	235	124	0	235	0	0	0	0	100.00	0.00	0.00	
ERR4993355	f__Spirochaetaceae	56	235	124	0	235	0	0	0	0	100.00	0.00	0.00	
ERR4993353	f__Spirochaetaceae	56	235	124	0	235	0	0	0	0	100.00	0.00	0.00	
ERR4993352	f__Spirochaetaceae	56	235	124	0	235	0	0	0	0	100.00	0.00	0.00	
ERR4993351	f__Spirochaetaceae	56	235	124	0	235	0	0	0	0	100.00	0.00	0.00	
ERR4993349	f__Spirochaetaceae	56	235	124	0	235	0	0	0	0	100.00	0.00	0.00	
ERR4899243	f__Spirochaetaceae	56	235	124	0	235	0	0	0	0	100.00	0.00	0.00	
ERR4899230	f__Spirochaetaceae	56	235	124	0	235	0	0	0	0	100.00	0.00	0.00	
ERR4899224	f__Spirochaetaceae	56	235	124	0	234	1	0	0	0	100.00	0.27	0.00	
ERR4899216	f__Spirochaetaceae	56	235	124	0	235	0	0	0	0	100.00	0.00	0.00	
ERR4899204	f__Spirochaetaceae	56	235	124	0	235	0	0	0	0	100.00	0.00	0.00	
ERR4899203	f__Spirochaetaceae	56	235	124	0	235	0	0	0	0	100.00	0.00	0.00	
ERR4899202	f__Spirochaetaceae	56	235	124	0	234	1	0	0	0	100.00	0.05	0.00	
ERR4899200	f__Spirochaetaceae	56	235	124	0	235	0	0	0	0	100.00	0.00	0.00	
ERR4899198	f__Spirochaetaceae	56	235	124	0	235	0	0	0	0	100.00	0.00	0.00	
ERR4853684	f__Spirochaetaceae	56	235	124	0	235	0	0	0	0	100.00	0.00	0.00	
ERR4853676	f__Spirochaetaceae	56	235	124	0	235	0	0	0	0	100.00	0.00	0.00	
ERR4853674	f__Spirochaetaceae	56	235	124	0	235	0	0	0	0	100.00	0.00	0.00	
ERR4853672	f__Spirochaetaceae	56	235	124	0	235	0	0	0	0	100.00	0.00	0.00	
ERR4853667	f__Spirochaetaceae	56	235	124	0	233	2	0	0	0	100.00	0.45	0.00	
ERR4853653	f__Spirochaetaceae	56	235	124	0	235	0	0	0	0	100.00	0.00	0.00	
ERR4853645	f__Spirochaetaceae	56	235	124	0	235	0	0	0	0	100.00	0.00	0.00	
ERR4853631	f__Spirochaetaceae	56	235	124	0	235	0	0	0	0	100.00	0.00	0.00	
ERR4853625	f__Spirochaetaceae	56	235	124	0	232	2	1	0	0	100.00	0.55	0.00	
ERR4853620	f__Spirochaetaceae	56	235	124	0	235	0	0	0	0	100.00	0.00	0.00	
ERR4853615	f__Spirochaetaceae	56	235	124	0	235	0	0	0	0	100.00	0.00	0.00	
ERR4853614	f__Spirochaetaceae	56	235	124	0	235	0	0	0	0	100.00	0.00	0.00	
ERR4853611	f__Spirochaetaceae	56	235	124	0	226	8	1	0	0	100.00	1.24	9.09	
ERR4853610	f__Spirochaetaceae	56	235	124	0	235	0	0	0	0	100.00	0.00	0.00	
ERR4853605	f__Spirochaetaceae	56	235	124	0	235	0	0	0	0	100.00	0.00	0.00	
ERR4853604	f__Spirochaetaceae	56	235	124	0	235	0	0	0	0	100.00	0.00	0.00	
ERR4853602	f__Spirochaetaceae	56	235	124	0	235	0	0	0	0	100.00	0.00	0.00	
ERR4853601	f__Spirochaetaceae	56	235	124	0	234	1	0	0	0	100.00	0.05	0.00	
ERR4853598	f__Spirochaetaceae	56	235	124	0	231	4	0	0	0	100.00	0.21	0.00	
ERR4853597	f__Spirochaetaceae	56	235	124	0	232	2	1	0	0	100.00	0.26	0.00	
ERR4853593	f__Spirochaetaceae	56	235	124	0	235	0	0	0	0	100.00	0.00	0.00	
ERR4853592	f__Spirochaetaceae	56	235	124	0	235	0	0	0	0	100.00	0.00	0.00	
ERR4853589	f__Spirochaetaceae	56	235	124	0	235	0	0	0	0	100.00	0.00	0.00	
ERR4853588	f__Spirochaetaceae	56	235	124	0	235	0	0	0	0	100.00	0.00	0.00	
ERR4853587	f__Spirochaetaceae	56	235	124	0	235	0	0	0	0	100.00	0.00	0.00	
ERR4853586	f__Spirochaetaceae	56	235	124	0	235	0	0	0	0	100.00	0.00	0.00	
ERR4853585	f__Spirochaetaceae	56	235	124	0	235	0	0	0	0	100.00	0.00	0.00	
ERR4853584	f__Spirochaetaceae	56	235	124	0	234	1	0	0	0	100.00	0.03	0.00	
ERR4853582	f__Spirochaetaceae	56	235	124	0	230	4	1	0	0	100.00	1.36	14.29	
ERR4853580	f__Spirochaetaceae	56	235	124	0	235	0	0	0	0	100.00	0.00	0.00	
ERR4853579	f__Spirochaetaceae	56	235	124	0	235	0	0	0	0	100.00	0.00	0.00	
ERR4853577	f__Spirochaetaceae	56	235	124	0	234	1	0	0	0	100.00	0.03	0.00	
ERR4853573	f__Spirochaetaceae	56	235	124	0	235	0	0	0	0	100.00	0.00	0.00	
ERR4853572	f__Spirochaetaceae	56	235	124	0	235	0	0	0	0	100.00	0.00	0.00	
ERR4853571	f__Spirochaetaceae	56	235	124	0	235	0	0	0	0	100.00	0.00	0.00	
ERR4853569	f__Spirochaetaceae	56	235	124	0	235	0	0	0	0	100.00	0.00	0.00	
ERR4853568	f__Spirochaetaceae	56	235	124	0	235	0	0	0	0	100.00	0.00	0.00	
ERR4853565	f__Spirochaetaceae	56	235	124	0	235	0	0	0	0	100.00	0.00	0.00	
ERR4853562	f__Spirochaetaceae	56	235	124	0	235	0	0	0	0	100.00	0.00	0.00	
ERR4853561	f__Spirochaetaceae	56	235	124	0	235	0	0	0	0	100.00	0.00	0.00	
ERR4853560	f__Spirochaetaceae	56	235	124	0	234	1	0	0	0	100.00	0.40	0.00	
ERR4853556	f__Spirochaetaceae	56	235	124	0	235	0	0	0	0	100.00	0.00	0.00	
ERR4853554	f__Spirochaetaceae	56	235	124	0	235	0	0	0	0	100.00	0.00	0.00	
ERR4853553	f__Spirochaetaceae	56	235	124	0	235	0	0	0	0	100.00	0.00	0.00	
ERR4853547	f__Spirochaetaceae	56	235	124	0	235	0	0	0	0	100.00	0.00	0.00	
ERR4853545	f__Spirochaetaceae	56	235	124	0	235	0	0	0	0	100.00	0.00	0.00	
ERR4853544	f__Spirochaetaceae	56	235	124	0	235	0	0	0	0	100.00	0.00	0.00	
ERR4853543	f__Spirochaetaceae	56	235	124	0	235	0	0	0	0	100.00	0.00	0.00	
ERR4853541	f__Spirochaetaceae	56	235	124	0	235	0	0	0	0	100.00	0.00	0.00	
ERR4853535	f__Spirochaetaceae	56	235	124	0	235	0	0	0	0	100.00	0.00	0.00	
ERR4853534	f__Spirochaetaceae	56	235	124	0	235	0	0	0	0	100.00	0.00	0.00	
ERR4853533	f__Spirochaetaceae	56	235	124	0	235	0	0	0	0	100.00	0.00	0.00	
ERR4853532	f__Spirochaetaceae	56	235	124	0	235	0	0	0	0	100.00	0.00	0.00	
ERR4853529	f__Spirochaetaceae	56	235	124	0	235	0	0	0	0	100.00	0.00	0.00	
ERR4853528	f__Spirochaetaceae	56	235	124	0	233	2	0	0	0	100.00	0.05	0.00	
ERR4853527	f__Spirochaetaceae	56	235	124	0	235	0	0	0	0	100.00	0.00	0.00	
ERR4045380	f__Spirochaetaceae	56	235	124	0	234	1	0	0	0	100.00	0.03	0.00	
ERR3684725	f__Spirochaetaceae	56	235	124	0	235	0	0	0	0	100.00	0.00	0.00	
ERR3684647	f__Spirochaetaceae	56	235	124	0	231	4	0	0	0	100.00	2.47	0.00	
ERR3684620	f__Spirochaetaceae	56	235	124	0	235	0	0	0	0	100.00	0.00	0.00	
ERR3684619	f__Spirochaetaceae	56	235	124	0	235	0	0	0	0	100.00	0.00	0.00	
ERR3684618	f__Spirochaetaceae	56	235	124	0	235	0	0	0	0	100.00	0.00	0.00	
ERR3684582	f__Spirochaetaceae	56	235	124	0	235	0	0	0	0	100.00	0.00	0.00	
ERR3684577	f__Spirochaetaceae	56	235	124	0	235	0	0	0	0	100.00	0.00	0.00	
ERR3684576	f__Spirochaetaceae	56	235	124	0	235	0	0	0	0	100.00	0.00	0.00	
ERR3684575	f__Spirochaetaceae	56	235	124	0	235	0	0	0	0	100.00	0.00	0.00	
ERR3684574	f__Spirochaetaceae	56	235	124	0	235	0	0	0	0	100.00	0.00	0.00	
ERR3684573	f__Spirochaetaceae	56	235	124	0	235	0	0	0	0	100.00	0.00	0.00	
ERR3684569	f__Spirochaetaceae	56	235	124	0	235	0	0	0	0	100.00	0.00	0.00	
ERR3684564	f__Spirochaetaceae	56	235	124	0	235	0	0	0	0	100.00	0.00	0.00	
ERR3684560	f__Spirochaetaceae	56	235	124	0	235	0	0	0	0	100.00	0.00	0.00	
ERR3684558	f__Spirochaetaceae	56	235	124	0	235	0	0	0	0	100.00	0.00	0.00	
ERR3684556	f__Spirochaetaceae	56	235	124	0	235	0	0	0	0	100.00	0.00	0.00	
ERR3684553	f__Spirochaetaceae	56	235	124	0	234	1	0	0	0	100.00	0.81	0.00	
ERR3684552	f__Spirochaetaceae	56	235	124	0	235	0	0	0	0	100.00	0.00	0.00	
ERR3684551	f__Spirochaetaceae	56	235	124	0	235	0	0	0	0	100.00	0.00	0.00	
ERR3684550	f__Spirochaetaceae	56	235	124	0	235	0	0	0	0	100.00	0.00	0.00	
ERR3684548	f__Spirochaetaceae	56	235	124	0	235	0	0	0	0	100.00	0.00	0.00	
ERR3684535	f__Spirochaetaceae	56	235	124	0	235	0	0	0	0	100.00	0.00	0.00	
ERR3684534	f__Spirochaetaceae	56	235	124	0	235	0	0	0	0	100.00	0.00	0.00	
ERR3684533	f__Spirochaetaceae	56	235	124	0	235	0	0	0	0	100.00	0.00	0.00	
ERR3684531	f__Spirochaetaceae	56	235	124	0	235	0	0	0	0	100.00	0.00	0.00	
ERR3684530	f__Spirochaetaceae	56	235	124	0	235	0	0	0	0	100.00	0.00	0.00	
ERR3684528	f__Spirochaetaceae	56	235	124	0	235	0	0	0	0	100.00	0.00	0.00	
ERR3684526	f__Spirochaetaceae	56	235	124	0	235	0	0	0	0	100.00	0.00	0.00	
ERR3684524	f__Spirochaetaceae	56	235	124	0	235	0	0	0	0	100.00	0.00	0.00	
ERR3684523	f__Spirochaetaceae	56	235	124	0	235	0	0	0	0	100.00	0.00	0.00	
ERR3684521	f__Spirochaetaceae	56	235	124	0	232	3	0	0	0	100.00	0.19	0.00	
ERR3684519	f__Spirochaetaceae	56	235	124	0	235	0	0	0	0	100.00	0.00	0.00	
ERR3684517	f__Spirochaetaceae	56	235	124	0	235	0	0	0	0	100.00	0.00	0.00	
ERR3684512	f__Spirochaetaceae	56	235	124	0	235	0	0	0	0	100.00	0.00	0.00	
ERR3684511	f__Spirochaetaceae	56	235	124	0	235	0	0	0	0	100.00	0.00	0.00	
ERR3684509	f__Spirochaetaceae	56	235	124	0	235	0	0	0	0	100.00	0.00	0.00	
ERR3684507	f__Spirochaetaceae	56	235	124	0	235	0	0	0	0	100.00	0.00	0.00	
ERR3684504	f__Spirochaetaceae	56	235	124	0	235	0	0	0	0	100.00	0.00	0.00	
ERR3684501	f__Spirochaetaceae	56	235	124	0	235	0	0	0	0	100.00	0.00	0.00	
ERR3684500	f__Spirochaetaceae	56	235	124	0	235	0	0	0	0	100.00	0.00	0.00	
ERR3684499	f__Spirochaetaceae	56	235	124	0	235	0	0	0	0	100.00	0.00	0.00	
ERR3684497	f__Spirochaetaceae	56	235	124	0	235	0	0	0	0	100.00	0.00	0.00	
ERR3684495	f__Spirochaetaceae	56	235	124	0	235	0	0	0	0	100.00	0.00	0.00	
ERR3684489	f__Spirochaetaceae	56	235	124	0	235	0	0	0	0	100.00	0.00	0.00	
ERR3684480	f__Spirochaetaceae	56	235	124	0	235	0	0	0	0	100.00	0.00	0.00	
ERR3684477	f__Spirochaetaceae	56	235	124	0	235	0	0	0	0	100.00	0.00	0.00	
ERR3684473	f__Spirochaetaceae	56	235	124	0	235	0	0	0	0	100.00	0.00	0.00	
ERR3684469	f__Spirochaetaceae	56	235	124	0	235	0	0	0	0	100.00	0.00	0.00	
ERR3684460	f__Spirochaetaceae	56	235	124	0	235	0	0	0	0	100.00	0.00	0.00	
ERR3684458	f__Spirochaetaceae	56	235	124	0	235	0	0	0	0	100.00	0.00	0.00	
ERR3684457	f__Spirochaetaceae	56	235	124	0	234	1	0	0	0	100.00	0.81	0.00	
ERR3684456	f__Spirochaetaceae	56	235	124	0	235	0	0	0	0	100.00	0.00	0.00	
ERR3684454	f__Spirochaetaceae	56	235	124	0	235	0	0	0	0	100.00	0.00	0.00	
ERR3684453	f__Spirochaetaceae	56	235	124	0	235	0	0	0	0	100.00	0.00	0.00	
ERR3684452	f__Spirochaetaceae	56	235	124	0	235	0	0	0	0	100.00	0.00	0.00	
ERR3684451	f__Spirochaetaceae	56	235	124	0	233	2	0	0	0	100.00	0.85	0.00	
ERR3684450	f__Spirochaetaceae	56	235	124	0	235	0	0	0	0	100.00	0.00	0.00	
SRR13721290	f__Spirochaetaceae	56	235	124	1	234	0	0	0	0	99.97	0.00	0.00	
ERR5210583	f__Spirochaetaceae	56	235	124	1	234	0	0	0	0	99.97	0.00	0.00	
ERR5210570	f__Spirochaetaceae	56	235	124	1	231	3	0	0	0	99.97	0.48	0.00	
ERR5207032	f__Spirochaetaceae	56	235	124	1	234	0	0	0	0	99.97	0.00	0.00	
ERR5207027	f__Spirochaetaceae	56	235	124	1	234	0	0	0	0	99.97	0.00	0.00	
ERR5207018	f__Spirochaetaceae	56	235	124	1	232	1	1	0	0	99.97	0.14	0.00	
ERR5207012	f__Spirochaetaceae	56	235	124	1	234	0	0	0	0	99.97	0.00	0.00	
ERR5207003	f__Spirochaetaceae	56	235	124	1	234	0	0	0	0	99.97	0.00	0.00	
ERR4993357	f__Spirochaetaceae	56	235	124	1	234	0	0	0	0	99.97	0.00	0.00	
ERR4993354	f__Spirochaetaceae	56	235	124	1	234	0	0	0	0	99.97	0.00	0.00	
ERR4993350	f__Spirochaetaceae	56	235	124	1	234	0	0	0	0	99.97	0.00	0.00	
ERR4899231	f__Spirochaetaceae	56	235	124	1	234	0	0	0	0	99.97	0.00	0.00	
ERR4899217	f__Spirochaetaceae	56	235	124	1	231	2	1	0	0	99.97	0.90	0.00	
ERR4899201	f__Spirochaetaceae	56	235	124	1	234	0	0	0	0	99.97	0.00	0.00	
ERR4853670	f__Spirochaetaceae	56	235	124	1	234	0	0	0	0	99.97	0.00	0.00	
ERR4853651	f__Spirochaetaceae	56	235	124	1	234	0	0	0	0	99.97	0.00	0.00	
ERR4853640	f__Spirochaetaceae	56	235	124	1	234	0	0	0	0	99.97	0.00	0.00	
ERR4853617	f__Spirochaetaceae	56	235	124	1	230	3	1	0	0	99.97	0.57	16.67	
ERR4853596	f__Spirochaetaceae	56	235	124	1	231	2	1	0	0	99.97	0.75	0.00	
ERR4853590	f__Spirochaetaceae	56	235	124	1	232	2	0	0	0	99.97	0.92	0.00	
ERR4853583	f__Spirochaetaceae	56	235	124	1	234	0	0	0	0	99.97	0.00	0.00	
ERR4853570	f__Spirochaetaceae	56	235	124	1	234	0	0	0	0	99.97	0.00	0.00	
ERR4853566	f__Spirochaetaceae	56	235	124	1	234	0	0	0	0	99.97	0.00	0.00	
ERR4853559	f__Spirochaetaceae	56	235	124	1	234	0	0	0	0	99.97	0.00	0.00	
ERR4853555	f__Spirochaetaceae	56	235	124	1	234	0	0	0	0	99.97	0.00	0.00	
ERR4853537	f__Spirochaetaceae	56	235	124	1	234	0	0	0	0	99.97	0.00	0.00	
ERR4045395	f__Spirochaetaceae	56	235	124	1	234	0	0	0	0	99.97	0.00	0.00	
ERR3684706	f__Spirochaetaceae	56	235	124	1	234	0	0	0	0	99.97	0.00	0.00	
ERR3684547	f__Spirochaetaceae	56	235	124	1	230	4	0	0	0	99.97	0.24	0.00	
ERR3684540	f__Spirochaetaceae	56	235	124	1	233	1	0	0	0	99.97	0.81	0.00	
ERR3684520	f__Spirochaetaceae	56	235	124	1	234	0	0	0	0	99.97	0.00	0.00	
ERR3684515	f__Spirochaetaceae	56	235	124	1	234	0	0	0	0	99.97	0.00	0.00	
ERR3684502	f__Spirochaetaceae	56	235	124	1	234	0	0	0	0	99.97	0.00	0.00	
ERR3684491	f__Spirochaetaceae	56	235	124	1	234	0	0	0	0	99.97	0.00	0.00	
ERR3684483	f__Spirochaetaceae	56	235	124	1	234	0	0	0	0	99.97	0.00	0.00	
ERR4853531	f__Spirochaetaceae	56	235	124	1	231	2	1	0	0	99.95	0.28	0.00	
ERR5210575	f__Spirochaetaceae	56	235	124	2	233	0	0	0	0	99.95	0.00	0.00	
ERR5207015	f__Spirochaetaceae	56	235	124	2	232	1	0	0	0	99.95	0.27	0.00	
ERR4853665	f__Spirochaetaceae	56	235	124	2	233	0	0	0	0	99.95	0.00	0.00	
ERR4899213	f__Spirochaetaceae	56	235	124	2	233	0	0	0	0	99.93	0.00	0.00	
ERR5207010	f__Spirochaetaceae	56	235	124	2	232	1	0	0	0	99.91	0.05	0.00	
ERR5206990	f__Spirochaetaceae	56	235	124	1	234	0	0	0	0	99.88	0.00	0.00	
ERR3684525	f__Spirochaetaceae	56	235	124	1	234	0	0	0	0	99.87	0.00	0.00	
ERR4853641	f__Spirochaetaceae	56	235	124	2	232	1	0	0	0	99.77	0.81	0.00	
ERR5207026	f__Spirochaetaceae	56	235	124	1	234	0	0	0	0	99.73	0.00	0.00	
ERR4899197	f__Spirochaetaceae	56	235	124	1	234	0	0	0	0	99.73	0.00	0.00	
ERR4853677	f__Spirochaetaceae	56	235	124	1	234	0	0	0	0	99.73	0.00	0.00	
ERR3684652	f__Spirochaetaceae	56	235	124	1	234	0	0	0	0	99.73	0.00	0.00	
ERR3684542	f__Spirochaetaceae	56	235	124	1	232	2	0	0	0	99.73	0.09	0.00	
ERR3684472	f__Spirochaetaceae	56	235	124	1	234	0	0	0	0	99.73	0.00	0.00	
ERR3684666	f__Spirochaetaceae	56	235	124	1	233	1	0	0	0	99.73	0.27	0.00	
ERR3684613	f__Spirochaetaceae	56	235	124	1	234	0	0	0	0	99.73	0.00	0.00	
ERR3684482	f__Spirochaetaceae	56	235	124	1	234	0	0	0	0	99.73	0.00	0.00	
ERR3684695	f__Spirochaetaceae	56	235	124	2	233	0	0	0	0	99.71	0.00	0.00	
ERR3684522	f__Spirochaetaceae	56	235	124	2	233	0	0	0	0	99.71	0.00	0.00	
ERR4899222	f__Spirochaetaceae	56	235	124	3	232	0	0	0	0	99.68	0.00	0.00	
ERR4899215	f__Spirochaetaceae	56	235	124	2	225	7	1	0	0	99.62	1.14	10.00	
ERR4853662	f__Spirochaetaceae	56	235	124	2	233	0	0	0	0	99.62	0.00	0.00	
ERR3684510	f__Spirochaetaceae	56	235	124	1	233	1	0	0	0	99.60	0.03	0.00	
ERR3684498	f__Spirochaetaceae	56	235	124	1	234	0	0	0	0	99.60	0.00	0.00	
ERR4853678	f__Spirochaetaceae	56	235	124	5	229	1	0	0	0	99.58	0.12	0.00	
SRR3268722	f__Spirochaetaceae	56	235	124	2	233	0	0	0	0	99.57	0.00	0.00	
ERR4899209	f__Spirochaetaceae	56	235	124	2	232	1	0	0	0	99.57	0.12	0.00	
ERR5210577	f__Spirochaetaceae	56	235	124	2	233	0	0	0	0	99.57	0.00	0.00	
ERR3684538	f__Spirochaetaceae	56	235	124	2	233	0	0	0	0	99.46	0.00	0.00	
ERR4853599	f__Spirochaetaceae	56	235	124	3	230	2	0	0	0	99.44	0.21	0.00	
ERR4045379	f__Spirochaetaceae	56	235	124	3	230	2	0	0	0	99.41	1.61	0.00	
ERR5207030	f__Spirochaetaceae	56	235	124	4	228	3	0	0	0	99.41	0.90	0.00	
ERR4853682	f__Spirochaetaceae	56	235	124	3	230	2	0	0	0	99.35	0.85	0.00	
ERR3684597	f__Spirochaetaceae	56	235	124	2	233	0	0	0	0	99.33	0.00	0.00	
ERR4045386	f__Spirochaetaceae	56	235	124	3	227	5	0	0	0	99.30	0.97	20.00	
ERR7123576	f__Spirochaetaceae	56	235	124	4	224	7	0	0	0	99.25	0.93	0.00	
ERR7123590	f__Spirochaetaceae	56	235	124	1	234	0	0	0	0	99.19	0.00	0.00	
ERR7123582	f__Spirochaetaceae	56	235	124	1	234	0	0	0	0	99.19	0.00	0.00	
ERR7123581	f__Spirochaetaceae	56	235	124	1	234	0	0	0	0	99.19	0.00	0.00	
ERR5210579	f__Spirochaetaceae	56	235	124	1	234	0	0	0	0	99.19	0.00	0.00	
ERR4899241	f__Spirochaetaceae	56	235	124	1	234	0	0	0	0	99.19	0.00	0.00	
ERR4853629	f__Spirochaetaceae	56	235	124	1	234	0	0	0	0	99.19	0.00	0.00	
ERR4853623	f__Spirochaetaceae	56	235	124	1	232	2	0	0	0	99.19	0.85	0.00	
ERR4045387	f__Spirochaetaceae	56	235	124	1	234	0	0	0	0	99.19	0.00	0.00	
ERR3684626	f__Spirochaetaceae	56	235	124	1	234	0	0	0	0	99.19	0.00	0.00	
ERR3684615	f__Spirochaetaceae	56	235	124	1	234	0	0	0	0	99.19	0.00	0.00	
ERR3684610	f__Spirochaetaceae	56	235	124	1	234	0	0	0	0	99.19	0.00	0.00	
ERR3684600	f__Spirochaetaceae	56	235	124	1	234	0	0	0	0	99.19	0.00	0.00	
ERR3684584	f__Spirochaetaceae	56	235	124	1	234	0	0	0	0	99.19	0.00	0.00	
ERR3684580	f__Spirochaetaceae	56	235	124	1	234	0	0	0	0	99.19	0.00	0.00	
ERR3684568	f__Spirochaetaceae	56	235	124	1	234	0	0	0	0	99.19	0.00	0.00	
ERR3684565	f__Spirochaetaceae	56	235	124	2	233	0	0	0	0	99.19	0.00	0.00	
ERR3684537	f__Spirochaetaceae	56	235	124	1	229	5	0	0	0	99.19	0.53	0.00	
ERR3684479	f__Spirochaetaceae	56	235	124	1	234	0	0	0	0	99.19	0.00	0.00	
ERR4993360	f__Spirochaetaceae	56	235	124	2	233	0	0	0	0	99.17	0.00	0.00	
ERR4899211	f__Spirochaetaceae	56	235	124	4	230	1	0	0	0	99.17	0.12	0.00	
ERR4853551	f__Spirochaetaceae	56	235	124	2	233	0	0	0	0	99.17	0.00	0.00	
ERR3684669	f__Spirochaetaceae	56	235	124	4	230	1	0	0	0	99.17	0.81	0.00	
ERR3684583	f__Spirochaetaceae	56	235	124	2	233	0	0	0	0	99.17	0.00	0.00	
ERR3684474	f__Spirochaetaceae	56	235	124	2	233	0	0	0	0	99.17	0.00	0.00	
ERR4853540	f__Spirochaetaceae	56	235	124	2	233	0	0	0	0	99.15	0.00	0.00	
ERR4853613	f__Spirochaetaceae	56	235	124	3	230	2	0	0	0	99.12	1.08	0.00	
ERR4853679	f__Spirochaetaceae	56	235	124	2	233	0	0	0	0	99.08	0.00	0.00	
ERR7123580	f__Spirochaetaceae	56	235	124	3	232	0	0	0	0	99.05	0.00	0.00	
ERR7123579	f__Spirochaetaceae	56	235	124	3	232	0	0	0	0	99.05	0.00	0.00	
ERR4899210	f__Spirochaetaceae	56	235	124	2	228	5	0	0	0	98.92	1.00	0.00	
ERR4853550	f__Spirochaetaceae	56	235	124	2	232	1	0	0	0	98.92	0.16	0.00	
ERR3684643	f__Spirochaetaceae	56	235	124	2	232	1	0	0	0	98.92	0.20	0.00	
ERR4899227	f__Spirochaetaceae	56	235	124	3	231	1	0	0	0	98.90	0.81	0.00	
ERR3684566	f__Spirochaetaceae	56	235	124	3	232	0	0	0	0	98.90	0.00	0.00	
ERR7123586	f__Spirochaetaceae	56	235	124	3	230	2	0	0	0	98.90	1.61	0.00	
ERR3684623	f__Spirochaetaceae	56	235	124	3	232	0	0	0	0	98.90	0.00	0.00	
ERR7123591	f__Spirochaetaceae	56	235	124	3	232	0	0	0	0	98.88	0.00	0.00	
ERR5207005	f__Spirochaetaceae	56	235	124	4	228	3	0	0	0	98.85	0.59	0.00	
ERR4853530	f__Spirochaetaceae	56	235	124	4	230	1	0	0	0	98.78	0.12	0.00	
ERR4853668	f__Spirochaetaceae	56	235	124	5	229	1	0	0	0	98.76	0.81	0.00	
ERR4899206	f__Spirochaetaceae	56	235	124	3	232	0	0	0	0	98.74	0.00	0.00	
ERR4045383	f__Spirochaetaceae	56	235	124	3	231	1	0	0	0	98.74	0.16	0.00	
ERR4853619	f__Spirochaetaceae	56	235	124	5	230	0	0	0	0	98.69	0.00	0.00	
ERR3684490	f__Spirochaetaceae	56	235	124	4	230	1	0	0	0	98.63	0.81	0.00	
ERR4853663	f__Spirochaetaceae	56	235	124	4	230	1	0	0	0	98.60	0.81	0.00	
ERR4853549	f__Spirochaetaceae	56	235	124	6	228	1	0	0	0	98.56	0.05	0.00	
ERR5210563	f__Spirochaetaceae	56	235	124	3	229	3	0	0	0	98.52	0.26	0.00	
ERR4853643	f__Spirochaetaceae	56	235	124	3	232	0	0	0	0	98.52	0.00	0.00	
ERR4899214	f__Spirochaetaceae	56	235	124	3	230	2	0	0	0	98.52	0.81	0.00	
ERR3684596	f__Spirochaetaceae	56	235	124	3	230	2	0	0	0	98.52	1.61	0.00	
ERR4853661	f__Spirochaetaceae	56	235	124	4	230	1	0	0	0	98.47	0.81	0.00	
ERR3684581	f__Spirochaetaceae	56	235	124	6	228	1	0	0	0	98.42	0.81	0.00	
ERR5207028	f__Spirochaetaceae	56	235	124	2	232	1	0	0	0	98.39	0.81	0.00	
ERR4853681	f__Spirochaetaceae	56	235	124	4	229	2	0	0	0	98.39	1.21	0.00	
ERR3684492	f__Spirochaetaceae	56	235	124	2	232	1	0	0	0	98.39	0.12	0.00	
ERR3684485	f__Spirochaetaceae	56	235	124	2	222	11	0	0	0	98.39	4.45	0.00	
ERR3684476	f__Spirochaetaceae	56	235	124	2	233	0	0	0	0	98.39	0.00	0.00	
ERR3684471	f__Spirochaetaceae	56	235	124	2	233	0	0	0	0	98.39	0.00	0.00	
ERR3684466	f__Spirochaetaceae	56	235	124	2	233	0	0	0	0	98.39	0.00	0.00	
ERR4853644	f__Spirochaetaceae	56	235	124	3	231	1	0	0	0	98.36	0.81	0.00	
ERR4045390	f__Spirochaetaceae	56	235	124	3	232	0	0	0	0	98.36	0.00	0.00	
ERR4045385	f__Spirochaetaceae	56	235	124	4	230	1	0	0	0	98.36	0.81	0.00	
ERR3684700	f__Spirochaetaceae	56	235	124	3	231	1	0	0	0	98.36	0.81	0.00	
ERR3684654	f__Spirochaetaceae	56	235	124	4	231	0	0	0	0	98.36	0.00	0.00	
ERR3684642	f__Spirochaetaceae	56	235	124	5	230	0	0	0	0	98.36	0.00	0.00	
ERR3684572	f__Spirochaetaceae	56	235	124	3	232	0	0	0	0	98.36	0.00	0.00	
ERR3684459	f__Spirochaetaceae	56	235	124	3	232	0	0	0	0	98.36	0.00	0.00	
ERR7123588	f__Spirochaetaceae	56	235	124	3	232	0	0	0	0	98.34	0.00	0.00	
ERR5207034	f__Spirochaetaceae	56	235	124	3	231	1	0	0	0	98.34	0.05	0.00	
ERR3684557	f__Spirochaetaceae	56	235	124	4	231	0	0	0	0	98.34	0.00	0.00	
ERR3684624	f__Spirochaetaceae	56	235	124	4	228	3	0	0	0	98.25	1.66	0.00	
ERR4045378	f__Spirochaetaceae	56	235	124	4	230	1	0	0	0	98.25	0.03	0.00	
ERR3684478	f__Spirochaetaceae	56	235	124	4	231	0	0	0	0	98.25	0.00	0.00	
ERR4899226	f__Spirochaetaceae	56	235	124	5	230	0	0	0	0	98.25	0.00	0.00	
ERR3684609	f__Spirochaetaceae	56	235	124	5	226	4	0	0	0	98.23	2.04	0.00	
ERR4853594	k__Bacteria	5449	99	54	1	83	8	1	3	3	98.15	13.97	15.56	
ERR4853563	f__Spirochaetaceae	56	235	124	3	230	2	0	0	0	98.12	0.09	0.00	
ERR5210576	f__Spirochaetaceae	56	235	124	3	232	0	0	0	0	98.12	0.00	0.00	
ERR3684486	f__Spirochaetaceae	56	235	124	4	230	1	0	0	0	98.09	0.81	0.00	
ERR3684658	f__Spirochaetaceae	56	235	124	5	227	3	0	0	0	98.07	1.37	33.33	
ERR4853600	f__Spirochaetaceae	56	235	124	5	228	2	0	0	0	98.04	0.97	0.00	
ERR3684616	f__Spirochaetaceae	56	235	124	3	232	0	0	0	0	97.98	0.00	0.00	
ERR3684641	f__Spirochaetaceae	56	235	124	4	229	2	0	0	0	97.96	0.92	0.00	
ERR4899236	f__Spirochaetaceae	56	235	124	6	229	0	0	0	0	97.84	0.00	0.00	
ERR4045397	f__Spirochaetaceae	56	235	124	5	226	4	0	0	0	97.82	1.82	0.00	
ERR3684588	f__Spirochaetaceae	56	235	124	5	228	2	0	0	0	97.82	0.43	0.00	
ERR4045381	f__Spirochaetaceae	56	235	124	4	226	5	0	0	0	97.72	0.31	0.00	
ERR3684585	f__Spirochaetaceae	56	235	124	6	229	0	0	0	0	97.71	0.00	0.00	
ERR4853618	f__Spirochaetaceae	56	235	124	5	221	9	0	0	0	97.69	2.95	22.22	
ERR3684628	f__Spirochaetaceae	56	235	124	5	228	2	0	0	0	97.69	1.21	0.00	
ERR4045384	f__Spirochaetaceae	56	235	124	7	227	1	0	0	0	97.69	0.12	0.00	
ERR3684567	f__Spirochaetaceae	56	235	124	5	228	2	0	0	0	97.67	0.32	0.00	
ERR4045377	f__Spirochaetaceae	56	235	124	7	227	1	0	0	0	97.62	0.27	0.00	
ERR3684493	f__Spirochaetaceae	56	235	124	3	232	0	0	0	0	97.58	0.00	0.00	
ERR4853536	f__Spirochaetaceae	56	235	124	4	231	0	0	0	0	97.55	0.00	0.00	
ERR4853546	f__Spirochaetaceae	56	235	124	8	225	2	0	0	0	97.47	1.61	0.00	
ERR3684467	f__Spirochaetaceae	56	235	124	5	230	0	0	0	0	97.31	0.00	0.00	
ERR3684631	f__Spirochaetaceae	56	235	124	7	227	1	0	0	0	97.31	0.40	0.00	
ERR5207025	f__Spirochaetaceae	56	235	124	5	225	4	1	0	0	97.29	1.73	0.00	
ERR3684661	f__Spirochaetaceae	56	235	124	6	227	2	0	0	0	97.29	0.97	0.00	
ERR3684487	f__Spirochaetaceae	56	235	124	7	227	1	0	0	0	97.29	0.81	0.00	
ERR4853666	f__Spirochaetaceae	56	235	124	7	226	2	0	0	0	97.26	0.85	0.00	
ERR4899212	f__Spirochaetaceae	56	235	124	7	226	2	0	0	0	97.21	0.83	0.00	
ERR3684686	f__Spirochaetaceae	56	235	124	4	230	1	0	0	0	97.18	0.05	0.00	
ERR5207016	f__Spirochaetaceae	56	235	124	9	225	1	0	0	0	97.17	0.81	0.00	
ERR3684644	f__Spirochaetaceae	56	235	124	5	228	2	0	0	0	97.15	1.61	0.00	
ERR3684555	f__Spirochaetaceae	56	235	124	5	227	3	0	0	0	97.15	0.26	0.00	
ERR4853616	f__Spirochaetaceae	56	235	124	10	224	1	0	0	0	97.14	0.81	0.00	
ERR3684741	f__Spirochaetaceae	56	235	124	6	227	2	0	0	0	97.10	0.29	0.00	
ERR5206972	f__Spirochaetaceae	56	235	124	10	224	1	0	0	0	97.09	0.05	0.00	
ERR3684494	f__Spirochaetaceae	56	235	124	7	225	3	0	0	0	97.02	1.32	0.00	
ERR3684657	f__Spirochaetaceae	56	235	124	13	221	1	0	0	0	97.02	0.81	0.00	
ERR4045396	f__Spirochaetaceae	56	235	124	5	229	1	0	0	0	96.91	0.81	0.00	
ERR3684694	f__Spirochaetaceae	56	235	124	7	226	2	0	0	0	96.90	0.38	0.00	
ERR3684702	f__Spirochaetaceae	56	235	124	6	228	1	0	0	0	96.88	0.81	0.00	
ERR4899242	f__Spirochaetaceae	56	235	124	7	228	0	0	0	0	96.86	0.00	0.00	
ERR4853606	f__Spirochaetaceae	56	235	124	6	227	2	0	0	0	96.77	0.38	0.00	
ERR3684475	f__Spirochaetaceae	56	235	124	4	231	0	0	0	0	96.77	0.00	0.00	
ERR4853603	f__Spirochaetaceae	56	235	124	5	229	1	0	0	0	96.75	0.12	0.00	
ERR4045394	f__Spirochaetaceae	56	235	124	5	230	0	0	0	0	96.75	0.00	0.00	
ERR4853664	f__Spirochaetaceae	56	235	124	8	226	1	0	0	0	96.74	0.40	0.00	
ERR4853683	f__Spirochaetaceae	56	235	124	6	228	1	0	0	0	96.70	0.05	0.00	
ERR3684599	f__Spirochaetaceae	56	235	124	6	229	0	0	0	0	96.61	0.00	0.00	
ERR3684587	f__Spirochaetaceae	56	235	124	6	226	3	0	0	0	96.51	1.02	0.00	
ERR3684461	f__Spirochaetaceae	56	235	124	7	226	2	0	0	0	96.48	0.83	0.00	
ERR3684653	f__Spirochaetaceae	56	235	124	7	228	0	0	0	0	96.34	0.00	0.00	
ERR4899237	f__Spirochaetaceae	56	235	124	8	223	4	0	0	0	96.11	1.78	0.00	
ERR4853671	f__Spirochaetaceae	56	235	124	9	216	7	3	0	0	96.10	2.69	0.00	
ERR4899228	f__Spirochaetaceae	56	235	124	7	227	1	0	0	0	96.08	0.05	0.00	
ERR4045392	f__Spirochaetaceae	56	235	124	8	225	2	0	0	0	96.08	0.85	0.00	
ERR3684659	f__Spirochaetaceae	56	235	124	8	223	4	0	0	0	95.96	0.64	0.00	
ERR5206970	f__Spirochaetaceae	56	235	124	11	223	1	0	0	0	95.84	0.81	0.00	
ERR4045389	f__Spirochaetaceae	56	235	124	8	227	0	0	0	0	95.83	0.00	0.00	
ERR4853658	f__Spirochaetaceae	56	235	124	10	225	0	0	0	0	95.76	0.00	0.00	
ERR3684571	f__Spirochaetaceae	56	235	124	10	224	1	0	0	0	95.71	0.12	0.00	
ERR4853591	f__Spirochaetaceae	56	235	124	7	227	1	0	0	0	95.70	0.27	0.00	
ERR3699570	f__Spirochaetaceae	56	235	124	9	224	2	0	0	0	95.63	1.61	0.00	
ERR3684622	f__Spirochaetaceae	56	235	124	8	227	0	0	0	0	95.51	0.00	0.00	
ERR3684592	f__Spirochaetaceae	56	235	124	10	220	5	0	0	0	95.38	2.33	0.00	
ERR3684544	f__Spirochaetaceae	56	235	124	11	223	1	0	0	0	95.34	0.16	0.00	
ERR3684602	f__Spirochaetaceae	56	235	124	11	223	1	0	0	0	95.33	0.05	0.00	
ERR3684470	f__Spirochaetaceae	56	235	124	9	224	2	0	0	0	95.31	0.45	0.00	
ERR3684465	f__Spirochaetaceae	56	235	124	8	226	1	0	0	0	95.27	0.40	0.00	
ERR3684484	f__Spirochaetaceae	56	235	124	12	222	1	0	0	0	95.17	0.81	0.00	
ERR7123585	f__Spirochaetaceae	56	235	124	10	224	1	0	0	0	95.13	0.12	0.00	
ERR4045391	f__Spirochaetaceae	56	235	124	10	223	2	0	0	0	95.05	0.43	0.00	
ERR3684696	f__Spirochaetaceae	56	235	124	10	224	1	0	0	0	95.05	0.81	0.00	
ERR4853542	f__Spirochaetaceae	56	235	124	12	222	1	0	0	0	94.96	0.81	0.00	
ERR3684724	f__Spirochaetaceae	56	235	124	12	222	1	0	0	0	94.77	0.81	0.00	
ERR4045382	f__Spirochaetaceae	56	235	124	14	220	1	0	0	0	94.65	0.05	0.00	
ERR4853680	f__Spirochaetaceae	56	235	124	14	219	2	0	0	0	94.59	0.85	0.00	
ERR3684660	f__Spirochaetaceae	56	235	124	15	219	1	0	0	0	94.36	0.03	0.00	
ERR3684455	f__Spirochaetaceae	56	235	124	8	225	2	0	0	0	94.35	0.85	0.00	
ERR7123587	f__Spirochaetaceae	56	235	124	15	219	1	0	0	0	94.34	0.03	0.00	
ERR3684639	f__Spirochaetaceae	56	235	124	16	218	1	0	0	0	94.18	0.05	0.00	
ERR4853648	f__Spirochaetaceae	56	235	124	11	220	4	0	0	0	94.17	2.13	0.00	
ERR5207006	f__Spirochaetaceae	56	235	124	21	214	0	0	0	0	94.10	0.00	0.00	
ERR4853673	f__Spirochaetaceae	56	235	124	14	216	5	0	0	0	93.98	2.58	0.00	
ERR4899234	f__Spirochaetaceae	56	235	124	14	217	4	0	0	0	93.96	1.02	0.00	
ERR4853567	f__Spirochaetaceae	56	235	124	16	219	0	0	0	0	93.95	0.00	0.00	
ERR4853539	f__Spirochaetaceae	56	235	124	13	219	3	0	0	0	93.87	0.36	0.00	
ERR3684656	f__Spirochaetaceae	56	235	124	11	220	4	0	0	0	93.70	3.23	0.00	
ERR4853633	f__Spirochaetaceae	56	235	124	20	211	4	0	0	0	93.57	1.08	0.00	
ERR3684539	f__Spirochaetaceae	56	235	124	8	227	0	0	0	0	93.55	0.00	0.00	
ERR4853621	f__Spirochaetaceae	56	235	124	19	214	2	0	0	0	93.53	0.85	0.00	
ERR5206974	f__Spirochaetaceae	56	235	124	16	217	2	0	0	0	93.41	0.16	0.00	
ERR5206984	f__Spirochaetaceae	56	235	124	15	220	0	0	0	0	93.17	0.00	0.00	
ERR5207013	f__Spirochaetaceae	56	235	124	15	217	3	0	0	0	93.15	1.24	0.00	
ERR4899245	f__Spirochaetaceae	56	235	124	17	218	0	0	0	0	93.15	0.00	0.00	
ERR3684697	f__Spirochaetaceae	56	235	124	14	217	4	0	0	0	93.11	2.53	0.00	
ERR3684516	f__Spirochaetaceae	56	235	124	13	219	3	0	0	0	93.09	1.66	0.00	
ERR3684671	f__Spirochaetaceae	56	235	124	16	218	1	0	0	0	93.05	0.05	0.00	
ERR3684698	f__Spirochaetaceae	56	235	124	14	218	3	0	0	0	92.98	0.50	0.00	
ERR3684496	f__Spirochaetaceae	56	235	124	15	213	7	0	0	0	92.96	1.58	0.00	
ERR3684673	f__Spirochaetaceae	56	235	124	14	219	2	0	0	0	92.80	0.45	0.00	
ERR3684687	f__Spirochaetaceae	56	235	124	14	220	1	0	0	0	92.75	0.81	0.00	
ERR3684611	f__Spirochaetaceae	56	235	124	14	214	7	0	0	0	92.65	1.37	0.00	
ERR4853675	f__Spirochaetaceae	56	235	124	18	208	9	0	0	0	92.46	3.29	0.00	
ERR7123584	f__Spirochaetaceae	56	235	124	18	217	0	0	0	0	92.34	0.00	0.00	
ERR4853652	f__Spirochaetaceae	56	235	124	18	217	0	0	0	0	92.34	0.00	0.00	
ERR3684464	f__Spirochaetaceae	56	235	124	14	220	1	0	0	0	92.31	0.12	0.00	
ERR3684746	f__Spirochaetaceae	56	235	124	17	216	2	0	0	0	92.17	1.08	0.00	
ERR3684488	f__Spirochaetaceae	56	235	124	16	216	3	0	0	0	92.17	0.28	0.00	
ERR3684462	f__Spirochaetaceae	56	235	124	18	215	2	0	0	0	92.17	0.85	0.00	
ERR4045393	f__Spirochaetaceae	56	235	124	16	219	0	0	0	0	92.16	0.00	0.00	
ERR5207014	f__Spirochaetaceae	56	235	124	20	212	3	0	0	0	92.15	0.97	0.00	
ERR5210574	f__Spirochaetaceae	56	235	124	16	216	3	0	0	0	91.97	0.95	0.00	
ERR4045376	f__Spirochaetaceae	56	235	124	16	217	2	0	0	0	91.95	0.28	0.00	
ERR4899199	f__Spirochaetaceae	56	235	124	19	215	1	0	0	0	91.81	0.05	0.00	
ERR4853647	f__Spirochaetaceae	56	235	124	16	214	5	0	0	0	91.78	2.74	0.00	
ERR4899221	f__Spirochaetaceae	56	235	124	17	215	3	0	0	0	91.65	1.66	0.00	
ERR4899235	f__Spirochaetaceae	56	235	124	20	212	3	0	0	0	91.43	1.64	0.00	
ERR5210567	f__Spirochaetaceae	56	235	124	24	208	3	0	0	0	90.81	1.26	0.00	
ERR3684748	f__Spirochaetaceae	56	235	124	17	217	1	0	0	0	90.79	0.81	0.00	
ERR3684634	f__Spirochaetaceae	56	235	124	22	211	2	0	0	0	90.69	0.92	0.00	
ERR4853578	f__Spirochaetaceae	56	235	124	20	211	4	0	0	0	90.69	0.46	0.00	
ERR3684589	f__Spirochaetaceae	56	235	124	21	206	7	1	0	0	90.67	2.24	0.00	
ERR3684630	f__Spirochaetaceae	56	235	124	16	215	4	0	0	0	90.52	1.35	0.00	
ERR4853630	f__Spirochaetaceae	56	235	124	22	207	6	0	0	0	90.33	2.86	0.00	
ERR3684655	f__Spirochaetaceae	56	235	124	20	215	0	0	0	0	90.24	0.00	0.00	
ERR4899229	f__Spirochaetaceae	56	235	124	18	214	3	0	0	0	90.22	0.61	0.00	
ERR3811625	f__Spirochaetaceae	56	235	124	20	214	1	0	0	0	90.14	0.05	0.00	
ERR3684708	f__Spirochaetaceae	56	235	124	24	205	6	0	0	0	90.01	2.49	0.00	
ERR3684703	f__Spirochaetaceae	56	235	124	19	213	3	0	0	0	89.89	1.66	0.00	
ERR3811631	f__Spirochaetaceae	56	235	124	22	211	2	0	0	0	89.81	0.23	0.00	
ERR3684463	f__Spirochaetaceae	56	235	124	19	214	2	0	0	0	89.80	1.61	0.00	
ERR3699567	f__Spirochaetaceae	56	235	124	28	205	2	0	0	0	89.71	1.61	0.00	
ERR3684601	f__Spirochaetaceae	56	235	124	21	213	1	0	0	0	89.71	0.20	0.00	
ERR3684667	f__Spirochaetaceae	56	235	124	26	206	3	0	0	0	89.71	0.17	0.00	
ERR3684684	f__Spirochaetaceae	56	235	124	22	197	16	0	0	0	89.67	4.45	0.00	
ERR3684468	f__Spirochaetaceae	56	235	124	20	210	5	0	0	0	89.57	1.64	0.00	
ERR4853548	f__Spirochaetaceae	56	235	124	29	204	2	0	0	0	89.43	0.09	0.00	
ERR3684593	f__Spirochaetaceae	56	235	124	21	211	3	0	0	0	89.37	1.02	0.00	
ERR4853558	f__Spirochaetaceae	56	235	124	20	213	2	0	0	0	89.37	0.28	0.00	
ERR4899246	f__Spirochaetaceae	56	235	124	22	210	3	0	0	0	89.07	1.88	0.00	
ERR3684543	f__Spirochaetaceae	56	235	124	22	205	8	0	0	0	89.06	3.06	0.00	
ERR3684681	f__Spirochaetaceae	56	235	124	21	212	2	0	0	0	89.03	0.92	0.00	
ERR3684594	f__Spirochaetaceae	56	235	124	23	211	1	0	0	0	89.01	0.81	0.00	
ERR3684665	f__Spirochaetaceae	56	235	124	22	213	0	0	0	0	88.87	0.00	0.00	
ERR4853650	f__Spirochaetaceae	56	235	124	25	209	1	0	0	0	88.82	0.27	0.00	
ERR3684739	f__Spirochaetaceae	56	235	124	29	202	4	0	0	0	88.44	2.06	25.00	
ERR5210564	f__Spirochaetaceae	56	235	124	27	208	0	0	0	0	88.39	0.00	0.00	
ERR3684750	f__Spirochaetaceae	56	235	124	25	208	2	0	0	0	88.25	0.85	0.00	
ERR3699557	f__Spirochaetaceae	56	235	124	27	205	3	0	0	0	88.08	1.66	0.00	
ERR4853564	f__Spirochaetaceae	56	235	124	27	204	4	0	0	0	87.62	1.42	0.00	
ERR4853624	f__Spirochaetaceae	56	235	124	27	207	1	0	0	0	87.48	0.81	0.00	
ERR3684632	f__Spirochaetaceae	56	235	124	27	206	2	0	0	0	87.24	0.16	0.00	
ERR3684549	f__Spirochaetaceae	56	235	124	22	212	1	0	0	0	87.22	0.12	0.00	
ERR5206993	f__Spirochaetaceae	56	235	124	27	206	2	0	0	0	87.12	0.85	0.00	
ERR3684676	f__Spirochaetaceae	56	235	124	28	202	5	0	0	0	87.12	2.63	0.00	
ERR7123589	f__Spirochaetaceae	56	235	124	27	205	3	0	0	0	87.00	2.42	0.00	
ERR3684505	f__Spirochaetaceae	56	235	124	26	202	6	1	0	0	86.90	1.65	11.11	
ERR4853659	f__Spirochaetaceae	56	235	124	33	199	3	0	0	0	86.71	0.32	0.00	
ERR3684635	f__Spirochaetaceae	56	235	124	28	203	4	0	0	0	86.43	1.59	0.00	
ERR5206995	f__Spirochaetaceae	56	235	124	35	200	0	0	0	0	86.16	0.00	0.00	
ERR4899223	f__Spirochaetaceae	56	235	124	30	203	2	0	0	0	86.10	0.85	0.00	
ERR3684723	f__Spirochaetaceae	56	235	124	31	201	3	0	0	0	85.96	1.66	0.00	
ERR4853608	f__Spirochaetaceae	56	235	124	31	203	1	0	0	0	85.88	0.81	0.00	
ERR4853636	f__Spirochaetaceae	56	235	124	33	199	3	0	0	0	85.77	1.26	0.00	
ERR3684527	f__Spirochaetaceae	56	235	124	29	202	4	0	0	0	85.73	0.35	0.00	
ERR3699576	f__Spirochaetaceae	56	235	124	26	205	4	0	0	0	85.49	2.82	0.00	
ERR4853538	f__Spirochaetaceae	56	235	124	31	202	2	0	0	0	85.39	0.97	0.00	
ERR4045388	f__Spirochaetaceae	56	235	124	28	206	1	0	0	0	85.28	0.40	0.00	
ERR3684680	f__Spirochaetaceae	56	235	124	32	201	2	0	0	0	84.88	0.97	0.00	
ERR5210580	f__Spirochaetaceae	56	235	124	29	198	6	2	0	0	84.73	5.10	0.00	
ERR5206981	f__Spirochaetaceae	56	235	124	36	198	1	0	0	0	84.69	0.27	0.00	
ERR3699563	f__Spirochaetaceae	56	235	124	34	198	3	0	0	0	84.61	1.32	0.00	
ERR3684745	f__Spirochaetaceae	56	235	124	28	201	6	0	0	0	84.60	1.18	16.67	
ERR3684532	f__Spirochaetaceae	56	235	124	35	197	3	0	0	0	84.45	2.42	0.00	
ERR3684727	f__Spirochaetaceae	56	235	124	29	201	5	0	0	0	84.37	1.73	0.00	
ERR3699556	f__Spirochaetaceae	56	235	124	33	201	1	0	0	0	84.08	0.81	0.00	
ERR3684646	f__Spirochaetaceae	56	235	124	31	201	3	0	0	0	84.05	1.66	0.00	
ERR4899205	f__Spirochaetaceae	56	235	124	40	194	1	0	0	0	83.86	0.81	0.00	
ERR5206991	f__Spirochaetaceae	56	235	124	40	194	1	0	0	0	83.70	0.16	0.00	
ERR5206994	f__Spirochaetaceae	56	235	124	37	195	3	0	0	0	83.55	0.12	0.00	
ERR5207022	f__Spirochaetaceae	56	235	124	34	196	5	0	0	0	82.95	1.40	0.00	
ERR3684749	f__Spirochaetaceae	56	235	124	34	200	1	0	0	0	82.87	0.12	0.00	
ERR4853557	f__Spirochaetaceae	56	235	124	42	189	4	0	0	0	82.73	2.13	0.00	
ERR7123583	f__Spirochaetaceae	56	235	124	40	194	1	0	0	0	82.69	0.81	0.00	
ERR3684707	f__Spirochaetaceae	56	235	124	35	196	4	0	0	0	82.55	1.66	0.00	
ERR5206976	f__Spirochaetaceae	56	235	124	34	197	4	0	0	0	82.39	0.52	0.00	
ERR3699562	f__Spirochaetaceae	56	235	124	33	202	0	0	0	0	82.39	0.00	0.00	
ERR3699566	f__Spirochaetaceae	56	235	124	37	193	5	0	0	0	82.17	2.20	0.00	
ERR3811628	f__Spirochaetaceae	56	235	124	34	197	4	0	0	0	82.17	2.53	0.00	
ERR3684713	f__Spirochaetaceae	56	235	124	33	194	6	2	0	0	82.14	1.59	0.00	
ERR3684536	f__Spirochaetaceae	56	235	124	34	199	2	0	0	0	82.11	0.38	0.00	
ERR5210565	f__Spirochaetaceae	56	235	124	37	194	4	0	0	0	82.05	0.55	0.00	
ERR5207033	f__Spirochaetaceae	56	235	124	34	198	3	0	0	0	82.03	2.42	0.00	
ERR3684481	f__Spirochaetaceae	56	235	124	37	193	4	1	0	0	81.90	1.00	0.00	
ERR4853635	f__Spirochaetaceae	56	235	124	33	200	2	0	0	0	81.41	0.16	0.00	
ERR4899239	f__Spirochaetaceae	56	235	124	40	190	5	0	0	0	81.34	0.93	0.00	
ERR3684744	f__Spirochaetaceae	56	235	124	39	192	4	0	0	0	81.28	2.53	0.00	
ERR4853655	f__Spirochaetaceae	56	235	124	49	183	3	0	0	0	81.05	0.72	0.00	
ERR5206989	f__Spirochaetaceae	56	235	124	52	182	1	0	0	0	80.98	0.81	0.00	
ERR5206992	f__Spirochaetaceae	56	235	124	47	181	7	0	0	0	80.91	1.94	0.00	
ERR3684712	f__Spirochaetaceae	56	235	124	41	191	3	0	0	0	80.68	0.88	0.00	
ERR3684743	f__Spirochaetaceae	56	235	124	40	192	3	0	0	0	80.51	1.77	0.00	
ERR5207023	f__Spirochaetaceae	56	235	124	46	187	2	0	0	0	79.62	0.45	0.00	
ERR3684529	f__Spirochaetaceae	56	235	124	43	189	3	0	0	0	79.54	1.73	0.00	
ERR5206988	f__Spirochaetaceae	56	235	124	55	179	1	0	0	0	79.39	0.81	0.00	
ERR3811630	f__Spirochaetaceae	56	235	124	48	182	5	0	0	0	79.30	1.53	0.00	
ERR5207004	f__Spirochaetaceae	56	235	124	54	179	2	0	0	0	79.00	0.85	0.00	
ERR4853612	f__Spirochaetaceae	56	235	124	45	190	0	0	0	0	78.95	0.00	0.00	
ERR4853628	f__Spirochaetaceae	56	235	124	48	184	3	0	0	0	78.88	1.37	0.00	
ERR3684722	f__Spirochaetaceae	56	235	124	39	194	2	0	0	0	78.81	1.61	0.00	
ERR3699581	f__Spirochaetaceae	56	235	124	47	188	0	0	0	0	78.32	0.00	0.00	
ERR3684506	f__Spirochaetaceae	56	235	124	43	190	2	0	0	0	78.28	1.61	0.00	
ERR3684590	f__Spirochaetaceae	56	235	124	41	193	1	0	0	0	78.23	0.81	0.00	
ERR3684650	f__Spirochaetaceae	56	235	124	44	186	5	0	0	0	78.16	1.89	0.00	
ERR3684728	f__Spirochaetaceae	56	235	124	48	184	3	0	0	0	78.04	1.81	0.00	
ERR3699572	f__Spirochaetaceae	56	235	124	44	187	4	0	0	0	77.88	0.61	0.00	
ERR3684508	f__Spirochaetaceae	56	235	124	58	172	5	0	0	0	77.71	2.09	0.00	
ERR3699559	f__Spirochaetaceae	56	235	124	45	189	1	0	0	0	77.11	0.81	0.00	
ERR3811643	f__Spirochaetaceae	56	235	124	51	183	1	0	0	0	76.99	0.05	0.00	
ERR5206971	f__Spirochaetaceae	56	235	124	57	177	1	0	0	0	76.86	0.81	0.00	
ERR3684747	f__Spirochaetaceae	56	235	124	48	184	3	0	0	0	76.71	1.19	0.00	
ERR3684704	f__Spirochaetaceae	56	235	124	47	182	6	0	0	0	76.53	1.45	0.00	
ERR4899233	f__Spirochaetaceae	56	235	124	53	175	7	0	0	0	76.33	2.68	0.00	
ERR3699560	f__Spirochaetaceae	56	235	124	43	190	2	0	0	0	76.32	0.85	0.00	
ERR3684561	f__Spirochaetaceae	56	235	124	45	185	5	0	0	0	76.30	1.40	0.00	
ERR3811642	f__Spirochaetaceae	56	235	124	56	174	5	0	0	0	75.99	1.76	0.00	
ERR5206964	f__Spirochaetaceae	56	235	124	61	173	1	0	0	0	75.96	0.03	0.00	
ERR4853634	f__Spirochaetaceae	56	235	124	45	188	2	0	0	0	75.95	0.85	50.00	
ERR4853552	f__Spirochaetaceae	56	235	124	56	177	2	0	0	0	75.87	0.16	0.00	
ERR3684753	f__Spirochaetaceae	56	235	124	49	182	4	0	0	0	75.83	2.06	0.00	
ERR5210571	f__Spirochaetaceae	56	235	124	55	175	5	0	0	0	75.80	1.42	0.00	
ERR4853657	f__Spirochaetaceae	56	235	124	59	173	3	0	0	0	75.74	1.24	0.00	
ERR5207021	f__Spirochaetaceae	56	235	124	52	182	1	0	0	0	75.49	0.03	0.00	
ERR4899218	f__Spirochaetaceae	56	235	124	54	174	7	0	0	0	75.47	2.50	0.00	
ERR4853626	f__Spirochaetaceae	56	235	124	52	179	4	0	0	0	75.41	2.53	0.00	
ERR3684752	f__Spirochaetaceae	56	235	124	58	172	5	0	0	0	75.35	2.18	0.00	
ERR5206980	f__Spirochaetaceae	56	235	124	62	171	2	0	0	0	75.35	1.61	0.00	
ERR3684714	f__Spirochaetaceae	56	235	124	56	176	3	0	0	0	74.98	1.12	0.00	
ERR3684742	f__Spirochaetaceae	56	235	124	51	183	1	0	0	0	74.86	0.12	0.00	
ERR3811624	f__Spirochaetaceae	56	235	124	46	186	3	0	0	0	74.77	1.10	0.00	
ERR3699568	f__Spirochaetaceae	56	235	124	43	190	2	0	0	0	74.07	1.61	0.00	
ERR3684638	f__Spirochaetaceae	56	235	124	53	178	4	0	0	0	74.02	0.48	0.00	
ERR3684682	f__Spirochaetaceae	56	235	124	54	178	3	0	0	0	73.91	0.21	0.00	
ERR3684685	f__Spirochaetaceae	56	235	124	52	180	3	0	0	0	73.86	1.37	0.00	
ERR3699561	f__Spirochaetaceae	56	235	124	51	181	3	0	0	0	73.49	0.48	0.00	
ERR5206978	f__Spirochaetaceae	56	235	124	72	161	2	0	0	0	73.48	0.83	0.00	
ERR4853609	f__Spirochaetaceae	56	235	124	60	171	4	0	0	0	72.98	0.68	0.00	
ERR4853575	f__Spirochaetaceae	56	235	124	56	177	2	0	0	0	72.66	0.92	0.00	
ERR3811629	f__Spirochaetaceae	56	235	124	52	181	2	0	0	0	72.64	1.21	0.00	
ERR3684578	f__Spirochaetaceae	56	235	124	59	171	5	0	0	0	72.57	2.87	0.00	
ERR3684629	f__Spirochaetaceae	56	235	124	60	174	1	0	0	0	72.21	0.27	0.00	
ERR3684675	f__Spirochaetaceae	56	235	124	61	170	4	0	0	0	72.17	1.37	0.00	
ERR3699573	f__Spirochaetaceae	56	235	124	54	174	6	1	0	0	71.88	1.92	0.00	
ERR4899207	f__Spirochaetaceae	56	235	124	66	165	4	0	0	0	71.87	1.02	0.00	
ERR5206986	f__Spirochaetaceae	56	235	124	66	165	4	0	0	0	71.77	2.47	0.00	
ERR3684591	f__Spirochaetaceae	56	235	124	64	168	3	0	0	0	71.65	0.88	0.00	
ERR5206998	f__Spirochaetaceae	56	235	124	69	165	1	0	0	0	71.37	0.81	0.00	
ERR3699571	f__Spirochaetaceae	56	235	124	62	169	4	0	0	0	71.19	0.46	0.00	
ERR5206968	f__Spirochaetaceae	56	235	124	70	163	2	0	0	0	71.17	1.61	0.00	
ERR3684545	f__Spirochaetaceae	56	235	124	71	161	3	0	0	0	70.69	0.90	0.00	
ERR3684718	f__Spirochaetaceae	56	235	124	58	174	3	0	0	0	70.68	1.19	0.00	
ERR4853627	f__Spirochaetaceae	56	235	124	62	172	1	0	0	0	70.67	0.81	0.00	
ERR5206967	f__Spirochaetaceae	56	235	124	74	156	5	0	0	0	70.60	2.22	0.00	
ERR4853686	f__Spirochaetaceae	56	235	124	56	176	3	0	0	0	70.46	1.66	0.00	
ERR3684612	f__Spirochaetaceae	56	235	124	66	167	2	0	0	0	70.37	0.85	0.00	
ERR3699564	f__Spirochaetaceae	56	235	124	63	167	5	0	0	0	70.04	2.02	0.00	
ERR4899225	f__Spirochaetaceae	56	235	124	72	158	5	0	0	0	69.95	2.04	0.00	
ERR3684633	f__Spirochaetaceae	56	235	124	62	169	4	0	0	0	69.85	1.71	0.00	
ERR3811627	f__Spirochaetaceae	56	235	124	64	165	6	0	0	0	69.56	2.14	16.67	
ERR3699569	f__Spirochaetaceae	56	235	124	66	163	6	0	0	0	69.45	2.07	0.00	
ERR5206969	f__Spirochaetaceae	56	235	124	76	155	4	0	0	0	69.42	2.42	0.00	
ERR5210566	f__Spirochaetaceae	56	235	124	65	169	1	0	0	0	69.37	0.81	0.00	
ERR4899208	f__Spirochaetaceae	56	235	124	76	159	0	0	0	0	69.28	0.00	0.00	
ERR5206979	f__Spirochaetaceae	56	235	124	70	164	1	0	0	0	69.10	0.81	0.00	
ERR3684726	f__Spirochaetaceae	56	235	124	78	153	4	0	0	0	68.34	1.71	25.00	
ERR3684758	f__Spirochaetaceae	56	235	124	69	160	6	0	0	0	67.89	0.95	16.67	
ERR4853669	f__Spirochaetaceae	56	235	124	63	169	3	0	0	0	67.82	0.90	0.00	
ERR3684606	f__Spirochaetaceae	56	235	124	61	168	6	0	0	0	67.19	2.92	0.00	
ERR4853576	f__Spirochaetaceae	56	235	124	78	153	4	0	0	0	66.95	3.23	0.00	
ERR3684764	f__Spirochaetaceae	56	235	124	70	160	5	0	0	0	66.79	2.22	0.00	
ERR3684672	f__Spirochaetaceae	56	235	124	59	174	2	0	0	0	66.64	0.67	0.00	
ERR4853642	f__Spirochaetaceae	56	235	124	68	166	1	0	0	0	66.58	0.03	0.00	
ERR3684503	f__Spirochaetaceae	56	235	124	75	158	2	0	0	0	66.47	0.85	0.00	
ERR3811633	f__Spirochaetaceae	56	235	124	68	161	6	0	0	0	66.44	1.83	0.00	
ERR4853654	f__Spirochaetaceae	56	235	124	71	160	4	0	0	0	66.30	1.02	25.00	
ERR3684637	f__Spirochaetaceae	56	235	124	72	161	2	0	0	0	66.28	0.16	0.00	
ERR3684717	f__Spirochaetaceae	56	235	124	76	155	4	0	0	0	66.08	0.66	0.00	
ERR3811636	f__Spirochaetaceae	56	235	124	68	164	3	0	0	0	65.64	0.19	0.00	
ERR5206966	f__Spirochaetaceae	56	235	124	74	158	3	0	0	0	65.62	1.02	0.00	
ERR4853637	f__Spirochaetaceae	56	235	124	88	146	1	0	0	0	65.55	0.05	0.00	
ERR3684721	f__Spirochaetaceae	56	235	124	74	159	2	0	0	0	65.26	1.61	0.00	
ERR4853649	f__Spirochaetaceae	56	235	124	78	155	2	0	0	0	65.12	1.21	0.00	
ERR3684645	f__Spirochaetaceae	56	235	124	75	158	2	0	0	0	64.79	1.61	0.00	
ERR5206996	f__Spirochaetaceae	56	235	124	86	148	1	0	0	0	64.74	0.16	0.00	
ERR5210573	f__Spirochaetaceae	56	235	124	70	160	5	0	0	0	64.63	1.64	20.00	
ERR3699574	f__Spirochaetaceae	56	235	124	69	161	5	0	0	0	64.21	1.35	0.00	
ERR3684710	f__Spirochaetaceae	56	235	124	77	155	3	0	0	0	63.98	1.24	0.00	
ERR3684570	f__Spirochaetaceae	56	235	124	72	159	4	0	0	0	63.96	2.06	0.00	
ERR5206975	f__Spirochaetaceae	56	235	124	90	143	2	0	0	0	63.55	1.61	0.00	
ERR4899219	f__Spirochaetaceae	56	235	124	85	149	1	0	0	0	63.38	0.05	0.00	
ERR5206982	f__Spirochaetaceae	56	235	124	90	145	0	0	0	0	63.17	0.00	0.00	
ERR4853622	f__Spirochaetaceae	56	235	124	77	153	5	0	0	0	62.88	1.76	0.00	
ERR5207001	f__Spirochaetaceae	56	235	124	92	143	0	0	0	0	62.28	0.00	0.00	
ERR4853632	f__Spirochaetaceae	56	235	124	101	132	1	1	0	0	62.04	1.61	25.00	
ERR3684751	f__Spirochaetaceae	56	235	124	77	152	6	0	0	0	61.85	1.83	0.00	
ERR3684595	f__Spirochaetaceae	56	235	124	77	157	1	0	0	0	61.26	0.05	0.00	
ERR5206987	f__Spirochaetaceae	56	235	124	96	138	1	0	0	0	60.74	0.12	0.00	
ERR5206999	f__Spirochaetaceae	56	235	124	93	139	3	0	0	0	60.13	1.04	0.00	
ERR3811634	f__Spirochaetaceae	56	235	124	81	151	3	0	0	0	59.84	0.65	0.00	
ERR4853574	f__Spirochaetaceae	56	235	124	89	145	1	0	0	0	59.84	0.81	0.00	
ERR4853607	f__Spirochaetaceae	56	235	124	90	143	2	0	0	0	59.40	1.21	0.00	
ERR4853638	f__Spirochaetaceae	56	235	124	93	135	7	0	0	0	58.64	2.43	0.00	
ERR3684541	f__Spirochaetaceae	56	235	124	97	138	0	0	0	0	58.42	0.00	0.00	
ERR3684617	f__Spirochaetaceae	56	235	124	88	144	3	0	0	0	57.58	1.64	0.00	
ERR5207000	f__Spirochaetaceae	56	235	124	100	131	4	0	0	0	57.40	2.82	0.00	
ERR3811635	f__Spirochaetaceae	56	235	124	89	139	6	1	0	0	57.30	3.95	0.00	
ERR3684674	f__Spirochaetaceae	56	235	124	94	141	0	0	0	0	57.16	0.00	0.00	
ERR3684677	f__Spirochaetaceae	56	235	124	92	141	2	0	0	0	57.05	0.83	0.00	
ERR3699575	f__Spirochaetaceae	56	235	124	98	135	2	0	0	0	56.36	0.67	0.00	
ERR5207002	f__Spirochaetaceae	56	235	124	107	128	0	0	0	0	56.12	0.00	0.00	
ERR3684699	f__Spirochaetaceae	56	235	124	93	139	3	0	0	0	55.91	0.99	0.00	
ERR3684563	f__Spirochaetaceae	56	235	124	91	141	3	0	0	0	55.84	1.66	0.00	
ERR5207024	f__Spirochaetaceae	56	235	124	105	130	0	0	0	0	55.66	0.00	0.00	
ERR3684670	f__Spirochaetaceae	56	235	124	90	143	2	0	0	0	55.45	0.85	0.00	
ERR4853595	f__Spirochaetaceae	56	235	124	94	139	2	0	0	0	55.00	1.21	0.00	
ERR5206985	f__Spirochaetaceae	56	235	124	112	123	0	0	0	0	54.87	0.00	0.00	
ERR3684678	f__Spirochaetaceae	56	235	124	95	132	6	2	0	0	54.84	2.02	8.33	
ERR4853646	f__Spirochaetaceae	56	235	124	102	128	5	0	0	0	54.71	2.00	0.00	
ERR3684720	f__Spirochaetaceae	56	235	124	103	132	0	0	0	0	53.77	0.00	0.00	
ERR3684614	f__Spirochaetaceae	56	235	124	103	129	3	0	0	0	53.64	1.66	0.00	
ERR3684559	f__Spirochaetaceae	56	235	124	97	137	1	0	0	0	53.58	0.12	0.00	
ERR3684740	f__Spirochaetaceae	56	235	124	94	137	4	0	0	0	53.35	1.78	0.00	
ERR3684679	f__Spirochaetaceae	56	235	124	107	127	1	0	0	0	53.16	0.81	0.00	
ERR3684763	f__Spirochaetaceae	56	235	124	105	130	0	0	0	0	53.08	0.00	0.00	
ERR5206983	f__Spirochaetaceae	56	235	124	124	110	1	0	0	0	52.88	0.40	0.00	
ERR4899244	f__Spirochaetaceae	56	235	124	108	123	4	0	0	0	52.73	1.53	0.00	
ERR5206997	f__Spirochaetaceae	56	235	124	119	114	2	0	0	0	52.47	1.61	0.00	
ERR3684664	f__Spirochaetaceae	56	235	124	104	127	4	0	0	0	51.35	1.53	0.00	
ERR3699578	f__Spirochaetaceae	56	235	124	93	139	3	0	0	0	50.13	0.26	33.33	
ERR4899240	f__Spirochaetaceae	56	235	124	111	122	2	0	0	0	49.79	0.85	0.00	
ERR3699579	f__Spirochaetaceae	56	235	124	116	119	0	0	0	0	48.99	0.00	0.00	
ERR5312311	k__Bacteria	5449	99	54	63	36	0	0	0	0	48.79	0.00	0.00	
ERR3811641	f__Spirochaetaceae	56	235	124	114	119	2	0	0	0	48.78	0.97	0.00	
ERR3684518	f__Spirochaetaceae	56	235	124	115	120	0	0	0	0	48.54	0.00	0.00	
ERR4853685	f__Spirochaetaceae	56	235	124	116	116	3	0	0	0	48.51	0.88	0.00	
ERR3811626	f__Spirochaetaceae	56	235	124	110	121	4	0	0	0	48.48	2.06	0.00	
ERR3684683	f__Spirochaetaceae	56	235	124	113	115	6	1	0	0	48.04	3.35	0.00	
ERR4853656	f__Spirochaetaceae	56	235	124	123	111	1	0	0	0	47.61	0.05	0.00	
ERR5206973	f__Spirochaetaceae	56	235	124	120	115	0	0	0	0	47.59	0.00	0.00	
ERR3684709	f__Spirochaetaceae	56	235	124	108	124	3	0	0	0	47.26	0.14	33.33	
ERR3684719	f__Spirochaetaceae	56	235	124	116	116	3	0	0	0	46.97	2.02	0.00	
ERR3684761	f__Spirochaetaceae	56	235	124	113	121	1	0	0	0	46.84	0.81	0.00	
ERR5312337	f__Spirochaetaceae	56	235	124	127	108	0	0	0	0	46.37	0.00	0.00	
ERR3684759	f__Spirochaetaceae	56	235	124	115	117	3	0	0	0	45.54	1.37	0.00	
ERR3684513	f__Spirochaetaceae	56	235	124	125	107	3	0	0	0	44.84	2.02	0.00	
ERR3684546	f__Spirochaetaceae	56	235	124	129	104	2	0	0	0	44.24	1.21	0.00	
ERR3684711	f__Spirochaetaceae	56	235	124	113	120	2	0	0	0	43.89	1.61	0.00	
ERR3811639	f__Spirochaetaceae	56	235	124	123	109	3	0	0	0	43.51	1.64	0.00	
ERR5206977	f__Spirochaetaceae	56	235	124	136	98	1	0	0	0	43.47	0.81	0.00	
ERR3684716	f__Spirochaetaceae	56	235	124	117	114	4	0	0	0	43.05	1.82	0.00	
ERR4899220	f__Spirochaetaceae	56	235	124	126	105	4	0	0	0	42.87	2.47	0.00	
ERR5312320	k__Bacteria	5449	99	54	65	34	0	0	0	0	42.74	0.00	0.00	
ERR3684762	f__Spirochaetaceae	56	235	124	143	89	3	0	0	0	41.97	1.64	0.00	
ERR5206965	f__Spirochaetaceae	56	235	124	141	94	0	0	0	0	41.57	0.00	0.00	
ERR3699565	f__Spirochaetaceae	56	235	124	129	104	2	0	0	0	41.17	1.61	0.00	
ERR7123577	f__Spirochaetaceae	56	235	124	125	109	1	0	0	0	41.08	0.40	0.00	
ERR5312342	f__Spirochaetaceae	56	235	124	139	96	0	0	0	0	40.83	0.00	0.00	
ERR3684715	f__Spirochaetaceae	56	235	124	137	97	1	0	0	0	40.12	0.40	0.00	
ERR4853639	f__Spirochaetaceae	56	235	124	136	99	0	0	0	0	39.81	0.00	0.00	
ERR5312314	f__Spirochaetaceae	56	235	124	145	90	0	0	0	0	39.68	0.00	0.00	
ERR4853660	f__Spirochaetaceae	56	235	124	141	93	1	0	0	0	39.63	0.81	0.00	
ERR3699590	f__Spirochaetaceae	56	235	124	136	97	2	0	0	0	39.32	0.85	0.00	
ERR7168272	f__Spirochaetaceae	56	235	124	138	96	1	0	0	0	37.83	0.81	0.00	
ERR3684754	f__Spirochaetaceae	56	235	124	139	96	0	0	0	0	36.89	0.00	0.00	
ERR5312325	f__Spirochaetaceae	56	235	124	147	88	0	0	0	0	36.65	0.00	0.00	
ERR5312319	f__Spirochaetaceae	56	235	124	154	80	1	0	0	0	36.49	0.20	0.00	
ERR3684701	f__Spirochaetaceae	56	235	124	151	83	1	0	0	0	36.15	0.05	0.00	
ERR5312353	f__Spirochaetaceae	56	235	124	140	95	0	0	0	0	35.96	0.00	0.00	
ERR5312352	f__Spirochaetaceae	56	235	124	156	78	1	0	0	0	35.82	0.40	0.00	
ERR5312312	f__Spirochaetaceae	56	235	124	157	78	0	0	0	0	35.81	0.00	0.00	
ERR5312321	f__Spirochaetaceae	56	235	124	156	78	1	0	0	0	35.74	0.81	0.00	
ERR3699580	f__Spirochaetaceae	56	235	124	147	87	1	0	0	0	35.30	0.03	0.00	
ERR5312328	k__Bacteria	5449	99	54	74	25	0	0	0	0	34.35	0.00	0.00	
ERR3684554	f__Spirochaetaceae	56	235	124	151	82	2	0	0	0	33.82	0.92	0.00	
ERR3699591	f__Spirochaetaceae	56	235	124	153	81	1	0	0	0	33.69	0.03	0.00	
ERR3684621	f__Spirochaetaceae	56	235	124	151	82	2	0	0	0	33.44	0.83	0.00	
ERR3684562	f__Spirochaetaceae	56	235	124	143	91	1	0	0	0	33.28	0.03	0.00	
ERR5312316	k__Bacteria	5449	99	54	75	24	0	0	0	0	32.95	0.00	0.00	
ERR5312340	f__Spirochaetaceae	56	235	124	159	76	0	0	0	0	32.86	0.00	0.00	
ERR4853581	f__Spirochaetaceae	56	235	124	147	87	1	0	0	0	32.83	0.81	0.00	
ERR5312317	f__Spirochaetaceae	56	235	124	157	77	1	0	0	0	32.66	0.05	0.00	
ERR3699558	f__Spirochaetaceae	56	235	124	152	78	4	1	0	0	32.60	3.30	0.00	
ERR3684636	f__Spirochaetaceae	56	235	124	157	77	1	0	0	0	32.27	0.81	0.00	
ERR3811644	f__Spirochaetaceae	56	235	124	142	91	2	0	0	0	31.53	0.32	0.00	
ERR3684735	f__Spirochaetaceae	56	235	124	154	80	1	0	0	0	31.20	0.81	0.00	
ERR3684627	f__Spirochaetaceae	56	235	124	154	81	0	0	0	0	30.80	0.00	0.00	
ERR5312315	k__Bacteria	5449	99	54	76	23	0	0	0	0	30.51	0.00	0.00	
ERR5312347	k__Bacteria	5449	99	54	78	21	0	0	0	0	30.42	0.00	0.00	
ERR3684649	f__Spirochaetaceae	56	235	124	151	83	1	0	0	0	29.92	0.81	0.00	
ERR3684705	f__Spirochaetaceae	56	235	124	160	69	6	0	0	0	29.08	2.36	0.00	
ERR3811649	f__Spirochaetaceae	56	235	124	167	68	0	0	0	0	28.88	0.00	0.00	
ERR3684768	f__Spirochaetaceae	56	235	124	152	83	0	0	0	0	28.79	0.00	0.00	
ERR3684730	f__Spirochaetaceae	56	235	124	167	68	0	0	0	0	28.56	0.00	0.00	
ERR3684514	f__Spirochaetaceae	56	235	124	166	69	0	0	0	0	27.94	0.00	0.00	
ERR3684760	f__Spirochaetaceae	56	235	124	162	72	1	0	0	0	27.90	0.03	0.00	
ERR3811632	f__Spirochaetaceae	56	235	124	155	72	5	3	0	0	27.85	3.11	7.14	
ERR3684734	f__Spirochaetaceae	56	235	124	162	71	2	0	0	0	27.59	0.07	0.00	
ERR3684733	f__Spirochaetaceae	56	235	124	159	72	4	0	0	0	26.89	1.69	0.00	
ERR3811665	k__Bacteria	5449	99	54	75	24	0	0	0	0	26.72	0.00	0.00	
ERR3684770	f__Spirochaetaceae	56	235	124	162	72	1	0	0	0	26.67	0.81	0.00	
ERR3699584	f__Spirochaetaceae	56	235	124	166	68	1	0	0	0	26.59	0.81	0.00	
ERR5312331	f__Spirochaetaceae	56	235	124	171	64	0	0	0	0	26.27	0.00	0.00	
ERR4899232	f__Spirochaetaceae	56	235	124	166	69	0	0	0	0	26.06	0.00	0.00	
ERR3684668	f__Spirochaetaceae	56	235	124	163	72	0	0	0	0	25.91	0.00	0.00	
ERR3684756	f__Spirochaetaceae	56	235	124	166	68	1	0	0	0	25.77	0.81	0.00	
ERR5312348	k__Bacteria	5449	99	54	75	23	1	0	0	0	25.24	0.17	100.00	
ERR5312344	k__Bacteria	5449	99	54	79	20	0	0	0	0	24.75	0.00	0.00	
ERR5312333	k__Bacteria	5449	99	54	82	17	0	0	0	0	24.69	0.00	0.00	
ERR3811640	f__Spirochaetaceae	56	235	124	170	64	1	0	0	0	24.56	0.03	0.00	
ERR3811647	f__Spirochaetaceae	56	235	124	173	61	1	0	0	0	24.23	0.05	0.00	
ERR3811658	f__Spirochaetaceae	56	235	124	172	63	0	0	0	0	24.21	0.00	0.00	
ERR3684729	f__Spirochaetaceae	56	235	124	176	58	1	0	0	0	24.06	0.81	0.00	
ERR3684732	f__Spirochaetaceae	56	235	124	170	65	0	0	0	0	24.01	0.00	0.00	
ERR5312329	k__Bacteria	5449	99	54	82	17	0	0	0	0	23.86	0.00	0.00	
ERR5312355	f__Spirochaetaceae	56	235	124	177	58	0	0	0	0	23.63	0.00	0.00	
ERR5312322	f__Spirochaetaceae	56	235	124	184	51	0	0	0	0	23.62	0.00	0.00	
ERR5312310	k__Bacteria	5449	99	54	82	17	0	0	0	0	23.01	0.00	0.00	
ERR3811646	f__Spirochaetaceae	56	235	124	180	55	0	0	0	0	22.98	0.00	0.00	
ERR3684737	f__Spirochaetaceae	56	235	124	159	76	0	0	0	0	22.71	0.00	0.00	
ERR5312323	f__Spirochaetaceae	56	235	124	186	49	0	0	0	0	22.30	0.00	0.00	
ERR5312351	k__Bacteria	5449	99	54	81	17	1	0	0	0	22.07	1.85	0.00	
ERR5312345	f__Spirochaetaceae	56	235	124	188	47	0	0	0	0	21.36	0.00	0.00	
ERR3684772	k__Bacteria	5449	99	54	82	17	0	0	0	0	21.21	0.00	0.00	
ERR5312330	k__Bacteria	5449	99	54	83	16	0	0	0	0	21.16	0.00	0.00	
ERR4899238	k__Bacteria	5449	99	54	81	18	0	0	0	0	20.94	0.00	0.00	
ERR3684579	f__Spirochaetaceae	56	235	124	169	66	0	0	0	0	20.88	0.00	0.00	
ERR5312354	k__Bacteria	5449	99	54	77	21	1	0	0	0	20.85	0.93	0.00	
ERR5312309	k__Bacteria	5449	99	54	83	16	0	0	0	0	20.68	0.00	0.00	
ERR3684586	f__Spirochaetaceae	56	235	124	189	46	0	0	0	0	20.16	0.00	0.00	
ERR3699593	k__Bacteria	5449	99	54	80	19	0	0	0	0	20.07	0.00	0.00	
ERR3699582	f__Spirochaetaceae	56	235	124	178	57	0	0	0	0	20.05	0.00	0.00	
ERR5312338	f__Spirochaetaceae	56	235	124	186	48	1	0	0	0	19.91	0.81	0.00	
ERR3684766	k__Bacteria	5449	99	54	82	17	0	0	0	0	19.73	0.00	0.00	
ERR3684692	k__Bacteria	5449	99	54	77	22	0	0	0	0	19.73	0.00	0.00	
ERR3684689	f__Spirochaetaceae	56	235	124	178	57	0	0	0	0	19.57	0.00	0.00	
ERR3684731	k__Bacteria	5449	99	54	75	23	1	0	0	0	19.46	0.37	0.00	
ERR3699583	k__Bacteria	5449	99	54	78	21	0	0	0	0	19.31	0.00	0.00	
ERR5312334	k__Bacteria	5449	99	54	86	13	0	0	0	0	19.14	0.00	0.00	
ERR3684625	f__Spirochaetaceae	56	235	124	169	64	2	0	0	0	18.95	0.21	0.00	
ERR3699588	k__Bacteria	5449	99	54	79	20	0	0	0	0	18.77	0.00	0.00	
ERR3684771	f__Spirochaetaceae	56	235	124	181	54	0	0	0	0	18.71	0.00	0.00	
ERR3699596	k__Bacteria	5449	99	54	79	17	3	0	0	0	18.66	1.26	0.00	
ERR3811645	f__Spirochaetaceae	56	235	124	177	58	0	0	0	0	18.60	0.00	0.00	
ERR5312339	k__Bacteria	5449	99	54	86	13	0	0	0	0	18.52	0.00	0.00	
ERR3684769	f__Spirochaetaceae	56	235	124	186	47	2	0	0	0	18.15	0.07	50.00	
ERR3684662	f__Spirochaetaceae	56	235	124	185	49	1	0	0	0	18.13	0.81	0.00	
ERR3699577	k__Bacteria	5449	99	54	74	19	3	2	0	1	17.99	1.85	10.53	
ERR3811662	k__Bacteria	5449	99	54	79	20	0	0	0	0	17.88	0.00	0.00	
ERR3811638	f__Spirochaetaceae	56	235	124	187	48	0	0	0	0	17.72	0.00	0.00	
ERR3684738	f__Spirochaetaceae	56	235	124	186	49	0	0	0	0	17.59	0.00	0.00	
ERR3811653	k__Bacteria	5449	99	54	82	17	0	0	0	0	17.53	0.00	0.00	
ERR7168274	k__Bacteria	5449	99	54	85	14	0	0	0	0	17.37	0.00	0.00	
ERR3684640	f__Spirochaetaceae	56	235	124	185	50	0	0	0	0	16.76	0.00	0.00	
ERR5312336	k__Bacteria	5449	99	54	85	14	0	0	0	0	16.69	0.00	0.00	
ERR3699586	k__Bacteria	5449	99	54	82	17	0	0	0	0	16.57	0.00	0.00	
ERR3699595	f__Spirochaetaceae	56	235	124	185	49	1	0	0	0	16.44	0.03	0.00	
ERR5312332	k__Bacteria	5449	99	54	87	12	0	0	0	0	15.60	0.00	0.00	
ERR3811654	k__Bacteria	5449	99	54	80	19	0	0	0	0	15.39	0.00	0.00	
ERR3811648	k__Bacteria	5449	99	54	84	15	0	0	0	0	15.10	0.00	0.00	
ERR5312335	k__Bacteria	5449	99	54	86	13	0	0	0	0	15.04	0.00	0.00	
ERR7168273	f__Spirochaetaceae	56	235	124	189	46	0	0	0	0	14.83	0.00	0.00	
ERR5312341	k__Bacteria	5449	99	54	89	10	0	0	0	0	14.81	0.00	0.00	
ERR3684767	f__Spirochaetaceae	56	235	124	194	39	2	0	0	0	14.71	0.85	0.00	
ERR3684757	f__Spirochaetaceae	56	235	124	198	37	0	0	0	0	14.27	0.00	0.00	
ERR3684755	f__Spirochaetaceae	56	235	124	195	40	0	0	0	0	14.16	0.00	0.00	
ERR5312313	k__Bacteria	5449	99	54	89	10	0	0	0	0	14.06	0.00	0.00	
ERR5312350	k__Bacteria	5449	99	54	90	9	0	0	0	0	13.89	0.00	0.00	
ERR3684648	k__Bacteria	5449	99	54	87	12	0	0	0	0	13.80	0.00	0.00	
ERR3699587	k__Bacteria	5449	99	54	84	15	0	0	0	0	13.34	0.00	0.00	
ERR3684693	k__Bacteria	5449	99	54	83	16	0	0	0	0	13.22	0.00	0.00	
ERR3699592	f__Spirochaetaceae	56	235	124	197	38	0	0	0	0	12.68	0.00	0.00	
ERR3684598	k__Bacteria	5449	99	54	85	14	0	0	0	0	12.32	0.00	0.00	
ERR5312327	k__Bacteria	5449	99	54	92	7	0	0	0	0	12.04	0.00	0.00	
ERR3684773	f__Spirochaetaceae	56	235	124	196	39	0	0	0	0	11.66	0.00	0.00	
ERR3684776	k__Bacteria	5449	99	54	85	14	0	0	0	0	11.57	0.00	0.00	
ERR3699589	k__Bacteria	5449	99	54	85	14	0	0	0	0	11.53	0.00	0.00	
ERR3811659	k__Bacteria	5449	99	54	87	12	0	0	0	0	11.23	0.00	0.00	
ERR3684777	k__Bacteria	5449	99	54	88	11	0	0	0	0	10.86	0.00	0.00	
ERR3684781	k__Bacteria	5449	99	54	85	14	0	0	0	0	10.84	0.00	0.00	
ERR3684690	k__Bacteria	5449	99	54	85	14	0	0	0	0	10.84	0.00	0.00	
ERR3699597	k__Bacteria	5449	99	54	85	14	0	0	0	0	10.25	0.00	0.00	
ERR3684736	k__Bacteria	5449	99	54	88	11	0	0	0	0	10.10	0.00	0.00	
ERR7168270	k__Bacteria	5449	99	54	90	9	0	0	0	0	9.76	0.00	0.00	
ERR3684663	f__Spirochaetaceae	56	235	124	199	36	0	0	0	0	9.74	0.00	0.00	
ERR3811663	k__Bacteria	5449	99	54	84	15	0	0	0	0	9.67	0.00	0.00	
ERR3684688	f__Spirochaetaceae	56	235	124	204	31	0	0	0	0	9.03	0.00	0.00	
ERR5312318	k__Bacteria	5449	99	54	92	7	0	0	0	0	8.95	0.00	0.00	
ERR3811651	k__Bacteria	5449	99	54	89	10	0	0	0	0	8.87	0.00	0.00	
ERR3811652	k__Bacteria	5449	99	54	91	8	0	0	0	0	8.67	0.00	0.00	
ERR5312346	k__Bacteria	5449	99	54	94	5	0	0	0	0	8.02	0.00	0.00	
ERR3811655	k__Bacteria	5449	99	54	87	12	0	0	0	0	7.10	0.00	0.00	
ERR3699594	f__Spirochaetaceae	56	235	124	208	27	0	0	0	0	6.99	0.00	0.00	
ERR3684775	k__Bacteria	5449	99	54	93	6	0	0	0	0	6.65	0.00	0.00	
ERR3684691	k__Bacteria	5449	99	54	92	7	0	0	0	0	6.51	0.00	0.00	
ERR3684604	k__Bacteria	5449	99	54	91	8	0	0	0	0	6.43	0.00	0.00	
ERR3811657	k__Bacteria	5449	99	54	94	5	0	0	0	0	6.09	0.00	0.00	
ERR3811664	k__Bacteria	5449	99	54	93	6	0	0	0	0	5.89	0.00	0.00	
ERR3699585	k__Bacteria	5449	99	54	87	12	0	0	0	0	5.82	0.00	0.00	
ERR7168271	k__Bacteria	5449	99	54	93	6	0	0	0	0	5.74	0.00	0.00	
ERR7168269	k__Bacteria	5449	99	54	91	8	0	0	0	0	5.40	0.00	0.00	
ERR3811660	k__Bacteria	5449	99	54	92	7	0	0	0	0	5.30	0.00	0.00	
ERR3684605	k__Bacteria	5449	99	54	92	7	0	0	0	0	5.30	0.00	0.00	
ERR3811661	k__Bacteria	5449	99	54	93	6	0	0	0	0	5.13	0.00	0.00	
ERR3684607	k__Bacteria	5449	99	54	95	4	0	0	0	0	4.80	0.00	0.00	
ERR5312349	k__Bacteria	5449	99	54	96	3	0	0	0	0	4.63	0.00	0.00	
ERR3684780	k__Bacteria	5449	99	54	92	7	0	0	0	0	4.58	0.00	0.00	
ERR3811650	k__Bacteria	5449	99	54	95	4	0	0	0	0	4.24	0.00	0.00	
ERR3684779	k__Bacteria	5449	99	54	90	7	2	0	0	0	4.10	0.34	50.00	
ERR3684774	k__Bacteria	5449	99	54	96	3	0	0	0	0	2.95	0.00	0.00	
ERR3811656	k__Bacteria	5449	99	54	96	3	0	0	0	0	2.39	0.00	0.00	
ERR3811637	k__Bacteria	5449	99	54	95	4	0	0	0	0	2.36	0.00	0.00	
ERR3684608	k__Bacteria	5449	99	54	94	5	0	0	0	0	2.36	0.00	0.00	
ERR7123578	k__Bacteria	5449	99	54	96	3	0	0	0	0	2.02	0.00	0.00	
ERR3684778	k__Bacteria	5449	104	58	99	5	0	0	0	0	1.49	0.00	0.00	
ERR3684765	k__Bacteria	5449	104	58	98	6	0	0	0	0	0.94	0.00	0.00	
ERR3684651	k__Bacteria	5449	99	54	95	4	0	0	0	0	0.88	0.00	0.00	
ERR5312343	k__Bacteria	5449	100	55	99	1	0	0	0	0	0.61	0.00	0.00	
ERR3684603	k__Bacteria	5449	99	54	98	1	0	0	0	0	0.17	0.00	0.00	
ERR5312324	root	5656	56	24	56	0	0	0	0	0	0.00	0.00	0.00	
