Bin Id	Marker lineage	genomes	markers	marker sets	0	1	2	3	4	5+	Completeness	Contamination	Strain heterogeneity
ERR3684450	f__Spirochaetaceae (UID2512)	56	235	124	0	235	0	0	0	0	100.00	0.00	0.00
ERR3684451	f__Spirochaetaceae (UID2512)	56	235	124	0	232	3	0	0	0	100.00	1.66	0.00
ERR3684452	f__Spirochaetaceae (UID2512)	56	235	124	0	235	0	0	0	0	100.00	0.00	0.00
ERR3684453	f__Spirochaetaceae (UID2512)	56	235	124	0	235	0	0	0	0	100.00	0.00	0.00
ERR3684454	f__Spirochaetaceae (UID2512)	56	235	124	0	235	0	0	0	0	100.00	0.00	0.00
ERR3684455	f__Spirochaetaceae (UID2512)	56	235	124	2	225	6	2	0	0	98.79	3.17	66.67
ERR3684456	f__Spirochaetaceae (UID2512)	56	235	124	0	235	0	0	0	0	100.00	0.00	0.00
ERR3684457	f__Spirochaetaceae (UID2512)	56	235	124	0	234	1	0	0	0	100.00	0.81	0.00
ERR3684458	f__Spirochaetaceae (UID2512)	56	235	124	0	235	0	0	0	0	100.00	0.00	0.00
ERR3684459	f__Spirochaetaceae (UID2512)	56	235	124	2	232	1	0	0	0	99.17	0.81	100.00
ERR3684460	f__Spirochaetaceae (UID2512)	56	235	124	0	235	0	0	0	0	100.00	0.00	0.00
ERR3684461	f__Spirochaetaceae (UID2512)	56	235	124	4	226	5	0	0	0	97.58	1.53	40.00
ERR3684462	f__Spirochaetaceae (UID2512)	56	235	124	3	220	12	0	0	0	98.36	5.12	50.00
ERR3684463	f__Spirochaetaceae (UID2512)	56	235	124	8	217	10	0	0	0	95.62	4.71	30.00
ERR3684464	f__Spirochaetaceae (UID2512)	56	235	124	6	221	8	0	0	0	96.88	3.80	37.50
ERR3684465	f__Spirochaetaceae (UID2512)	56	235	124	3	225	7	0	0	0	98.90	3.84	57.14
ERR3684466	f__Spirochaetaceae (UID2512)	56	235	124	1	234	0	0	0	0	99.19	0.00	0.00
ERR3684467	f__Spirochaetaceae (UID2512)	56	235	124	1	232	2	0	0	0	99.60	0.85	0.00
ERR3684468	f__Spirochaetaceae (UID2512)	56	235	124	15	210	10	0	0	0	91.75	2.68	20.00
ERR3684469	f__Spirochaetaceae (UID2512)	56	235	124	0	235	0	0	0	0	100.00	0.00	0.00
ERR3684470	f__Spirochaetaceae (UID2512)	56	235	124	1	223	11	0	0	0	99.19	4.02	18.18
ERR3684471	f__Spirochaetaceae (UID2512)	56	235	124	0	235	0	0	0	0	100.00	0.00	0.00
ERR3684472	f__Spirochaetaceae (UID2512)	56	235	124	0	234	1	0	0	0	100.00	0.27	0.00
ERR3684473	f__Spirochaetaceae (UID2512)	56	235	124	0	234	1	0	0	0	100.00	0.05	0.00
ERR3684474	f__Spirochaetaceae (UID2512)	56	235	124	1	234	0	0	0	0	99.19	0.00	0.00
ERR3684475	f__Spirochaetaceae (UID2512)	56	235	124	1	233	1	0	0	0	99.19	0.81	0.00
ERR3684476	f__Spirochaetaceae (UID2512)	56	235	124	0	234	0	1	0	0	100.00	1.61	100.00
ERR3684477	f__Spirochaetaceae (UID2512)	56	235	124	0	235	0	0	0	0	100.00	0.00	0.00
ERR3684478	f__Spirochaetaceae (UID2512)	56	235	124	1	233	0	1	0	0	99.19	0.54	100.00
ERR3684479	f__Spirochaetaceae (UID2512)	56	235	124	0	234	1	0	0	0	100.00	0.81	100.00
ERR3684480	f__Spirochaetaceae (UID2512)	56	235	124	0	235	0	0	0	0	100.00	0.00	0.00
ERR3684481	f__Spirochaetaceae (UID2512)	56	235	124	22	199	10	2	2	0	87.94	4.87	10.71
ERR3684482	f__Spirochaetaceae (UID2512)	56	235	124	0	235	0	0	0	0	100.00	0.00	0.00
ERR3684483	f__Spirochaetaceae (UID2512)	56	235	124	0	235	0	0	0	0	100.00	0.00	0.00
ERR3684484	f__Spirochaetaceae (UID2512)	56	235	124	6	227	2	0	0	0	96.61	0.85	0.00
ERR3684485	f__Spirochaetaceae (UID2512)	56	235	124	2	215	16	1	1	0	99.17	7.60	12.00
ERR3684486	f__Spirochaetaceae (UID2512)	56	235	124	2	230	3	0	0	0	98.39	1.19	66.67
ERR3684487	f__Spirochaetaceae (UID2512)	56	235	124	3	228	3	1	0	0	98.79	3.39	50.00
ERR3684488	f__Spirochaetaceae (UID2512)	56	235	124	8	216	11	0	0	0	96.18	3.80	72.73
ERR3684489	f__Spirochaetaceae (UID2512)	56	235	124	0	235	0	0	0	0	100.00	0.00	0.00
ERR3684490	f__Spirochaetaceae (UID2512)	56	235	124	0	233	2	0	0	0	100.00	1.08	50.00
ERR3684491	f__Spirochaetaceae (UID2512)	56	235	124	0	233	2	0	0	0	100.00	0.83	50.00
ERR3684492	f__Spirochaetaceae (UID2512)	56	235	124	2	232	1	0	0	0	99.17	0.12	100.00
ERR3684493	f__Spirochaetaceae (UID2512)	56	235	124	3	230	2	0	0	0	97.58	0.97	0.00
ERR3684494	f__Spirochaetaceae (UID2512)	56	235	124	3	226	6	0	0	0	97.98	2.25	50.00
ERR3684495	f__Spirochaetaceae (UID2512)	56	235	124	0	235	0	0	0	0	100.00	0.00	0.00
ERR3684496	f__Spirochaetaceae (UID2512)	56	235	124	8	217	10	0	0	0	95.65	3.24	0.00
ERR3684497	f__Spirochaetaceae (UID2512)	56	235	124	0	235	0	0	0	0	100.00	0.00	0.00
ERR3684498	f__Spirochaetaceae (UID2512)	56	235	124	0	234	0	0	1	0	100.00	1.21	83.33
ERR3684499	f__Spirochaetaceae (UID2512)	56	235	124	0	235	0	0	0	0	100.00	0.00	0.00
ERR3684500	f__Spirochaetaceae (UID2512)	56	235	124	0	235	0	0	0	0	100.00	0.00	0.00
ERR3684501	f__Spirochaetaceae (UID2512)	56	235	124	0	235	0	0	0	0	100.00	0.00	0.00
ERR3684502	f__Spirochaetaceae (UID2512)	56	235	124	0	235	0	0	0	0	100.00	0.00	0.00
ERR3684503	f__Spirochaetaceae (UID2512)	56	235	124	41	182	12	0	0	0	80.84	3.53	16.67
ERR3684504	f__Spirochaetaceae (UID2512)	56	235	124	0	234	1	0	0	0	100.00	0.81	0.00
ERR3684505	f__Spirochaetaceae (UID2512)	56	235	124	13	210	12	0	0	0	91.93	3.89	25.00
ERR3684506	f__Spirochaetaceae (UID2512)	56	235	124	19	203	13	0	0	0	90.13	6.28	15.38
ERR3684507	f__Spirochaetaceae (UID2512)	56	235	124	0	235	0	0	0	0	100.00	0.00	0.00
ERR3684508	f__Spirochaetaceae (UID2512)	56	235	124	32	188	15	0	0	0	87.12	4.70	20.00
ERR3684509	f__Spirochaetaceae (UID2512)	56	235	124	0	235	0	0	0	0	100.00	0.00	0.00
ERR3684510	f__Spirochaetaceae (UID2512)	56	235	124	0	234	1	0	0	0	100.00	0.03	0.00
ERR3684511	f__Spirochaetaceae (UID2512)	56	235	124	0	235	0	0	0	0	100.00	0.00	0.00
ERR3684512	f__Spirochaetaceae (UID2512)	56	235	124	0	234	0	1	0	0	100.00	0.09	0.00
ERR3684513	f__Spirochaetaceae (UID2512)	56	235	124	89	136	9	1	0	0	58.10	4.74	8.33
ERR3684514	f__Spirochaetaceae (UID2512)	56	235	124	129	104	2	0	0	0	42.36	0.83	0.00
ERR3684515	f__Spirochaetaceae (UID2512)	56	235	124	0	235	0	0	0	0	100.00	0.00	0.00
ERR3684516	f__Spirochaetaceae (UID2512)	56	235	124	4	221	10	0	0	0	98.09	4.02	60.00
ERR3684517	f__Spirochaetaceae (UID2512)	56	235	124	0	235	0	0	0	0	100.00	0.00	0.00
ERR3684518	f__Spirochaetaceae (UID2512)	56	235	124	77	147	11	0	0	0	62.67	2.28	0.00
ERR3684519	f__Spirochaetaceae (UID2512)	56	235	124	0	234	1	0	0	0	100.00	0.05	0.00
ERR3684520	f__Spirochaetaceae (UID2512)	56	235	124	0	235	0	0	0	0	100.00	0.00	0.00
ERR3684521	f__Spirochaetaceae (UID2512)	56	235	124	0	231	3	1	0	0	100.00	0.57	0.00
ERR3684522	f__Spirochaetaceae (UID2512)	56	235	124	0	235	0	0	0	0	100.00	0.00	0.00
ERR3684523	f__Spirochaetaceae (UID2512)	56	235	124	0	235	0	0	0	0	100.00	0.00	0.00
ERR3684524	f__Spirochaetaceae (UID2512)	56	235	124	0	235	0	0	0	0	100.00	0.00	0.00
ERR3684525	f__Spirochaetaceae (UID2512)	56	235	124	0	234	0	1	0	0	100.00	0.27	100.00
ERR3684526	f__Spirochaetaceae (UID2512)	56	235	124	0	235	0	0	0	0	100.00	0.00	0.00
ERR3684527	f__Spirochaetaceae (UID2512)	56	235	124	21	203	11	0	0	0	88.92	1.33	27.27
ERR3684528	f__Spirochaetaceae (UID2512)	56	235	124	0	235	0	0	0	0	100.00	0.00	0.00
ERR3684529	f__Spirochaetaceae (UID2512)	56	235	124	19	206	10	0	0	0	90.58	4.65	40.00
ERR3684530	f__Spirochaetaceae (UID2512)	56	235	124	0	234	1	0	0	0	100.00	0.05	0.00
ERR3684531	f__Spirochaetaceae (UID2512)	56	235	124	0	235	0	0	0	0	100.00	0.00	0.00
ERR3684532	f__Spirochaetaceae (UID2512)	56	235	124	16	207	12	0	0	0	93.89	6.69	58.33
ERR3684533	f__Spirochaetaceae (UID2512)	56	235	124	0	235	0	0	0	0	100.00	0.00	0.00
ERR3684534	f__Spirochaetaceae (UID2512)	56	235	124	0	235	0	0	0	0	100.00	0.00	0.00
ERR3684535	f__Spirochaetaceae (UID2512)	56	235	124	0	235	0	0	0	0	100.00	0.00	0.00
ERR3684536	f__Spirochaetaceae (UID2512)	56	235	124	16	213	6	0	0	0	90.94	1.49	50.00
ERR3684537	f__Spirochaetaceae (UID2512)	56	235	124	1	228	6	0	0	0	99.19	0.58	0.00
ERR3684538	f__Spirochaetaceae (UID2512)	56	235	124	0	234	1	0	0	0	100.00	0.27	100.00
ERR3684539	f__Spirochaetaceae (UID2512)	56	235	124	6	228	1	0	0	0	95.94	0.81	0.00
ERR3684540	f__Spirochaetaceae (UID2512)	56	235	124	0	233	2	0	0	0	100.00	1.08	0.00
ERR3684541	f__Spirochaetaceae (UID2512)	56	235	124	64	156	15	0	0	0	72.70	4.67	33.33
ERR3684542	f__Spirochaetaceae (UID2512)	56	235	124	0	231	4	0	0	0	100.00	0.41	0.00
ERR3684543	f__Spirochaetaceae (UID2512)	56	235	124	11	209	14	1	0	0	93.66	6.65	29.41
ERR3684544	f__Spirochaetaceae (UID2512)	56	235	124	3	230	2	0	0	0	98.76	0.19	50.00
ERR3684545	f__Spirochaetaceae (UID2512)	56	235	124	45	177	13	0	0	0	78.96	4.94	23.08
ERR3684546	f__Spirochaetaceae (UID2512)	56	235	124	88	137	10	0	0	0	60.97	3.53	10.00
ERR3684547	f__Spirochaetaceae (UID2512)	56	235	124	1	222	11	1	0	0	99.97	0.96	7.14
ERR3684548	f__Spirochaetaceae (UID2512)	56	235	124	0	235	0	0	0	0	100.00	0.00	0.00
ERR3684549	f__Spirochaetaceae (UID2512)	56	235	124	9	216	10	0	0	0	95.00	3.11	40.00
ERR3684550	f__Spirochaetaceae (UID2512)	56	235	124	0	235	0	0	0	0	100.00	0.00	0.00
ERR3684551	f__Spirochaetaceae (UID2512)	56	235	124	0	235	0	0	0	0	100.00	0.00	0.00
ERR3684552	f__Spirochaetaceae (UID2512)	56	235	124	0	235	0	0	0	0	100.00	0.00	0.00
ERR3684553	f__Spirochaetaceae (UID2512)	56	235	124	0	234	1	0	0	0	100.00	0.81	0.00
ERR3684554	f__Spirochaetaceae (UID2512)	56	235	124	119	110	6	0	0	0	46.98	1.83	0.00
ERR3684555	f__Spirochaetaceae (UID2512)	56	235	124	0	231	4	0	0	0	100.00	0.66	25.00
ERR3684556	f__Spirochaetaceae (UID2512)	56	235	124	0	235	0	0	0	0	100.00	0.00	0.00
ERR3684557	f__Spirochaetaceae (UID2512)	56	235	124	0	233	1	1	0	0	100.00	0.08	100.00
ERR3684558	f__Spirochaetaceae (UID2512)	56	235	124	0	235	0	0	0	0	100.00	0.00	0.00
ERR3684559	f__Spirochaetaceae (UID2512)	56	235	124	60	159	16	0	0	0	67.30	5.93	18.75
ERR3684560	f__Spirochaetaceae (UID2512)	56	235	124	0	235	0	0	0	0	100.00	0.00	0.00
ERR3684561	f__Spirochaetaceae (UID2512)	56	235	124	24	191	20	0	0	0	87.64	5.80	25.00
ERR3684562	f__Spirochaetaceae (UID2512)	56	235	124	111	111	13	0	0	0	46.29	4.45	46.15
ERR3684563	f__Spirochaetaceae (UID2512)	56	235	124	54	167	14	0	0	0	73.35	4.16	35.71
ERR3684564	f__Spirochaetaceae (UID2512)	56	235	124	0	235	0	0	0	0	100.00	0.00	0.00
ERR3684565	f__Spirochaetaceae (UID2512)	56	235	124	3	232	0	0	0	0	99.17	0.00	0.00
ERR3684566	f__Spirochaetaceae (UID2512)	56	235	124	1	233	1	0	0	0	99.19	0.81	0.00
ERR3684567	f__Spirochaetaceae (UID2512)	56	235	124	3	225	7	0	0	0	98.36	3.30	71.43
ERR3684568	f__Spirochaetaceae (UID2512)	56	235	124	1	234	0	0	0	0	99.19	0.00	0.00
ERR3684569	f__Spirochaetaceae (UID2512)	56	235	124	0	235	0	0	0	0	100.00	0.00	0.00
ERR3684570	f__Spirochaetaceae (UID2512)	56	235	124	35	185	15	0	0	0	79.14	5.37	20.00
ERR3684571	f__Spirochaetaceae (UID2512)	56	235	124	3	228	4	0	0	0	98.12	1.37	25.00
ERR3684572	f__Spirochaetaceae (UID2512)	56	235	124	0	233	2	0	0	0	100.00	0.85	50.00
ERR3684573	f__Spirochaetaceae (UID2512)	56	235	124	1	234	0	0	0	0	99.19	0.00	0.00
ERR3684574	f__Spirochaetaceae (UID2512)	56	235	124	0	235	0	0	0	0	100.00	0.00	0.00
ERR3684575	f__Spirochaetaceae (UID2512)	56	235	124	0	234	1	0	0	0	100.00	0.81	100.00
ERR3684576	f__Spirochaetaceae (UID2512)	56	235	124	0	232	3	0	0	0	100.00	0.50	0.00
ERR3684577	f__Spirochaetaceae (UID2512)	56	235	124	0	235	0	0	0	0	100.00	0.00	0.00
ERR3684578	f__Spirochaetaceae (UID2512)	56	235	124	24	201	10	0	0	0	86.23	4.94	40.00
ERR3684579	f__Spirochaetaceae (UID2512)	56	235	124	129	101	5	0	0	0	40.13	1.67	40.00
ERR3684580	f__Spirochaetaceae (UID2512)	56	235	124	1	233	1	0	0	0	99.19	0.81	0.00
ERR3684581	f__Spirochaetaceae (UID2512)	56	235	124	2	229	4	0	0	0	99.93	2.02	75.00
ERR3684582	f__Spirochaetaceae (UID2512)	56	235	124	0	235	0	0	0	0	100.00	0.00	0.00
ERR3684583	f__Spirochaetaceae (UID2512)	56	235	124	1	234	0	0	0	0	99.19	0.00	0.00
ERR3684584	f__Spirochaetaceae (UID2512)	56	235	124	1	234	0	0	0	0	99.19	0.00	0.00
ERR3684585	f__Spirochaetaceae (UID2512)	56	235	124	2	233	0	0	0	0	99.17	0.00	0.00
ERR3684586	f__Spirochaetaceae (UID2512)	56	235	124	164	70	1	0	0	0	30.35	0.05	0.00
ERR3684587	f__Spirochaetaceae (UID2512)	56	235	124	1	224	9	1	0	0	99.19	4.26	66.67
ERR3684588	f__Spirochaetaceae (UID2512)	56	235	124	1	228	6	0	0	0	99.19	1.71	33.33
ERR3684589	f__Spirochaetaceae (UID2512)	56	235	124	7	211	14	3	0	0	97.42	4.07	8.70
ERR3684590	f__Spirochaetaceae (UID2512)	56	235	124	20	202	12	1	0	0	88.08	5.06	40.00
ERR3684591	f__Spirochaetaceae (UID2512)	56	235	124	37	185	13	0	0	0	82.59	3.51	7.69
ERR3684592	f__Spirochaetaceae (UID2512)	56	235	124	6	222	7	0	0	0	96.34	2.76	14.29
ERR3684593	f__Spirochaetaceae (UID2512)	56	235	124	12	212	11	0	0	0	93.41	3.31	27.27
ERR3684594	f__Spirochaetaceae (UID2512)	56	235	124	14	210	11	0	0	0	92.20	6.07	18.18
ERR3684595	f__Spirochaetaceae (UID2512)	56	235	124	46	175	14	0	0	0	76.04	4.55	21.43
ERR3684596	f__Spirochaetaceae (UID2512)	56	235	124	0	230	4	1	0	0	100.00	3.90	71.43
ERR3684597	f__Spirochaetaceae (UID2512)	56	235	124	3	230	2	0	0	0	98.76	1.21	50.00
ERR3684598	k__Bacteria (UID203)	5449	99	54	76	23	0	0	0	0	26.83	0.00	0.00
ERR3684599	f__Spirochaetaceae (UID2512)	56	235	124	1	232	2	0	0	0	99.19	1.61	50.00
ERR3684600	f__Spirochaetaceae (UID2512)	56	235	124	0	235	0	0	0	0	100.00	0.00	0.00
ERR3684601	f__Spirochaetaceae (UID2512)	56	235	124	11	215	9	0	0	0	92.98	2.65	33.33
ERR3684602	f__Spirochaetaceae (UID2512)	56	235	124	7	223	5	0	0	0	96.70	0.91	0.00
ERR3684603	k__Bacteria (UID203)	5449	99	54	93	6	0	0	0	0	3.45	0.00	0.00
ERR3684604	k__Bacteria (UID203)	5449	99	54	86	12	1	0	0	0	8.20	0.17	0.00
ERR3684605	k__Bacteria (UID203)	5449	99	54	87	12	0	0	0	0	8.59	0.00	0.00
ERR3684606	f__Spirochaetaceae (UID2512)	56	235	124	31	189	15	0	0	0	84.65	7.41	33.33
ERR3684607	k__Bacteria (UID203)	5449	99	54	92	7	0	0	0	0	10.35	0.00	0.00
ERR3684608	k__Bacteria (UID203)	5449	99	54	94	5	0	0	0	0	1.60	0.00	0.00
ERR3684609	f__Spirochaetaceae (UID2512)	56	235	124	0	228	7	0	0	0	100.00	3.28	42.86
ERR3684610	f__Spirochaetaceae (UID2512)	56	235	124	1	234	0	0	0	0	99.19	0.00	0.00
ERR3684611	f__Spirochaetaceae (UID2512)	56	235	124	5	218	12	0	0	0	96.51	3.12	0.00
ERR3684612	f__Spirochaetaceae (UID2512)	56	235	124	36	183	16	0	0	0	80.83	5.17	37.50
ERR3684613	f__Spirochaetaceae (UID2512)	56	235	124	1	234	0	0	0	0	99.97	0.00	0.00
ERR3684614	f__Spirochaetaceae (UID2512)	56	235	124	60	167	8	0	0	0	69.49	3.73	12.50
ERR3684615	f__Spirochaetaceae (UID2512)	56	235	124	0	233	1	1	0	0	100.00	1.64	50.00
ERR3684616	f__Spirochaetaceae (UID2512)	56	235	124	1	234	0	0	0	0	99.19	0.00	0.00
ERR3684617	f__Spirochaetaceae (UID2512)	56	235	124	56	164	15	0	0	0	71.19	6.58	46.67
ERR3684618	f__Spirochaetaceae (UID2512)	56	235	124	0	235	0	0	0	0	100.00	0.00	0.00
ERR3684619	f__Spirochaetaceae (UID2512)	56	235	124	0	235	0	0	0	0	100.00	0.00	0.00
ERR3684620	f__Spirochaetaceae (UID2512)	56	235	124	1	234	0	0	0	0	99.97	0.00	0.00
ERR3684621	f__Spirochaetaceae (UID2512)	56	235	124	110	120	5	0	0	0	51.80	2.07	20.00
ERR3684622	f__Spirochaetaceae (UID2512)	56	235	124	1	232	2	0	0	0	99.19	0.19	50.00
ERR3684623	f__Spirochaetaceae (UID2512)	56	235	124	2	233	0	0	0	0	99.17	0.00	0.00
ERR3684624	f__Spirochaetaceae (UID2512)	56	235	124	2	225	7	1	0	0	99.57	5.02	10.00
ERR3684625	f__Spirochaetaceae (UID2512)	56	235	124	132	98	5	0	0	0	36.39	1.09	20.00
ERR3684626	f__Spirochaetaceae (UID2512)	56	235	124	0	235	0	0	0	0	100.00	0.00	0.00
ERR3684627	f__Spirochaetaceae (UID2512)	56	235	124	125	104	6	0	0	0	42.36	0.60	0.00
ERR3684628	f__Spirochaetaceae (UID2512)	56	235	124	1	230	4	0	0	0	99.19	2.02	50.00
ERR3684629	f__Spirochaetaceae (UID2512)	56	235	124	27	193	14	1	0	0	88.02	3.99	35.29
ERR3684630	f__Spirochaetaceae (UID2512)	56	235	124	5	223	7	0	0	0	96.37	2.14	14.29
ERR3684631	f__Spirochaetaceae (UID2512)	56	235	124	2	227	6	0	0	0	99.17	1.42	16.67
ERR3684632	f__Spirochaetaceae (UID2512)	56	235	124	14	215	6	0	0	0	93.38	2.99	16.67
ERR3684633	f__Spirochaetaceae (UID2512)	56	235	124	30	185	19	1	0	0	83.45	7.80	27.27
ERR3684634	f__Spirochaetaceae (UID2512)	56	235	124	9	213	13	0	0	0	95.31	5.81	53.85
ERR3684635	f__Spirochaetaceae (UID2512)	56	235	124	15	209	11	0	0	0	91.21	4.71	27.27
ERR3684636	f__Spirochaetaceae (UID2512)	56	235	124	122	106	7	0	0	0	44.68	3.37	14.29
ERR3684637	f__Spirochaetaceae (UID2512)	56	235	124	31	192	12	0	0	0	83.47	5.36	33.33
ERR3684638	f__Spirochaetaceae (UID2512)	56	235	124	30	189	16	0	0	0	84.61	4.84	25.00
ERR3684639	f__Spirochaetaceae (UID2512)	56	235	124	5	224	5	1	0	0	98.85	3.55	37.50
ERR3684640	f__Spirochaetaceae (UID2512)	56	235	124	153	78	4	0	0	0	29.45	1.32	25.00
ERR3684641	f__Spirochaetaceae (UID2512)	56	235	124	4	226	5	0	0	0	97.96	2.16	40.00
ERR3684642	f__Spirochaetaceae (UID2512)	56	235	124	2	230	3	0	0	0	99.17	0.50	66.67
ERR3684643	f__Spirochaetaceae (UID2512)	56	235	124	1	231	2	0	1	0	99.19	1.68	87.50
ERR3684644	f__Spirochaetaceae (UID2512)	56	235	124	3	227	5	0	0	0	97.98	2.49	40.00
ERR3684645	f__Spirochaetaceae (UID2512)	56	235	124	37	184	14	0	0	0	80.67	5.65	21.43
ERR3684646	f__Spirochaetaceae (UID2512)	56	235	124	15	212	8	0	0	0	90.97	2.38	25.00
ERR3684647	f__Spirochaetaceae (UID2512)	56	235	124	0	230	4	1	0	0	100.00	3.32	28.57
ERR3684648	f__Spirochaetaceae (UID2512)	56	235	124	182	50	3	0	0	0	22.27	1.66	33.33
ERR3684649	f__Spirochaetaceae (UID2512)	56	235	124	106	123	6	0	0	0	48.89	1.36	16.67
ERR3684650	f__Spirochaetaceae (UID2512)	56	235	124	24	198	13	0	0	0	87.60	4.73	30.77
ERR3684651	k__Bacteria (UID203)	5449	99	54	93	6	0	0	0	0	3.65	0.00	0.00
ERR3684652	f__Spirochaetaceae (UID2512)	56	235	124	0	234	1	0	0	0	100.00	0.40	100.00
ERR3684653	f__Spirochaetaceae (UID2512)	56	235	124	2	227	6	0	0	0	99.57	2.89	33.33
ERR3684654	f__Spirochaetaceae (UID2512)	56	235	124	1	233	1	0	0	0	99.60	0.40	100.00
ERR3684655	f__Spirochaetaceae (UID2512)	56	235	124	10	215	10	0	0	0	95.11	4.22	40.00
ERR3684656	f__Spirochaetaceae (UID2512)	56	235	124	5	220	10	0	0	0	96.75	4.93	30.00
ERR3684657	f__Spirochaetaceae (UID2512)	56	235	124	6	222	7	0	0	0	98.84	2.14	57.14
ERR3684658	f__Spirochaetaceae (UID2512)	56	235	124	3	227	5	0	0	0	99.14	2.04	40.00
ERR3684659	f__Spirochaetaceae (UID2512)	56	235	124	5	222	8	0	0	0	96.75	1.01	12.50
ERR3684660	f__Spirochaetaceae (UID2512)	56	235	124	7	224	4	0	0	0	97.12	1.26	25.00
ERR3684661	f__Spirochaetaceae (UID2512)	56	235	124	4	229	2	0	0	0	97.96	0.97	50.00
ERR3684662	f__Spirochaetaceae (UID2512)	56	235	124	153	79	3	0	0	0	26.48	1.77	0.00
ERR3684663	f__Spirochaetaceae (UID2512)	56	235	124	173	62	0	0	0	0	18.77	0.00	0.00
ERR3684664	f__Spirochaetaceae (UID2512)	56	235	124	65	153	17	0	0	0	72.41	7.16	23.53
ERR3684665	f__Spirochaetaceae (UID2512)	56	235	124	13	218	4	0	0	0	92.57	1.30	25.00
ERR3684666	f__Spirochaetaceae (UID2512)	56	235	124	0	234	1	0	0	0	100.00	0.27	0.00
ERR3684667	f__Spirochaetaceae (UID2512)	56	235	124	11	205	19	0	0	0	95.06	7.08	36.84
ERR3684668	f__Spirochaetaceae (UID2512)	56	235	124	141	91	3	0	0	0	33.18	0.88	33.33
ERR3684669	f__Spirochaetaceae (UID2512)	56	235	124	3	229	3	0	0	0	99.30	1.06	0.00
ERR3684670	f__Spirochaetaceae (UID2512)	56	235	124	46	173	16	0	0	0	75.80	5.87	56.25
ERR3684671	f__Spirochaetaceae (UID2512)	56	235	124	9	218	8	0	0	0	95.00	3.43	12.50
ERR3684672	f__Spirochaetaceae (UID2512)	56	235	124	32	189	14	0	0	0	78.58	6.47	28.57
ERR3684673	f__Spirochaetaceae (UID2512)	56	235	124	7	220	7	1	0	0	96.84	3.46	70.00
ERR3684674	f__Spirochaetaceae (UID2512)	56	235	124	60	170	5	0	0	0	72.35	1.91	20.00
ERR3684675	f__Spirochaetaceae (UID2512)	56	235	124	29	192	14	0	0	0	84.84	5.50	35.71
ERR3684676	f__Spirochaetaceae (UID2512)	56	235	124	11	212	12	0	0	0	94.88	6.17	41.67
ERR3684677	f__Spirochaetaceae (UID2512)	56	235	124	54	169	11	1	0	0	74.11	4.09	14.29
ERR3684678	f__Spirochaetaceae (UID2512)	56	235	124	70	146	14	4	1	0	66.81	8.89	18.75
ERR3684679	f__Spirochaetaceae (UID2512)	56	235	124	69	157	8	1	0	0	69.79	4.78	27.27
ERR3684680	f__Spirochaetaceae (UID2512)	56	235	124	16	214	5	0	0	0	91.53	1.53	20.00
ERR3684681	f__Spirochaetaceae (UID2512)	56	235	124	11	218	6	0	0	0	93.12	1.69	16.67
ERR3684682	f__Spirochaetaceae (UID2512)	56	235	124	29	192	14	0	0	0	85.22	3.99	28.57
ERR3684683	f__Spirochaetaceae (UID2512)	56	235	124	85	136	12	2	0	0	59.54	5.90	11.11
ERR3684684	f__Spirochaetaceae (UID2512)	56	235	124	9	201	23	2	0	0	96.00	8.77	13.79
ERR3684685	f__Spirochaetaceae (UID2512)	56	235	124	24	198	13	0	0	0	87.25	5.73	38.46
ERR3684686	f__Spirochaetaceae (UID2512)	56	235	124	2	230	2	1	0	0	99.17	0.66	20.00
ERR3684687	f__Spirochaetaceae (UID2512)	56	235	124	6	225	4	0	0	0	95.85	1.50	50.00
ERR3684688	f__Spirochaetaceae (UID2512)	56	235	124	177	58	0	0	0	0	20.54	0.00	0.00
ERR3684689	f__Spirochaetaceae (UID2512)	56	235	124	139	96	0	0	0	0	35.25	0.00	0.00
ERR3684690	f__Spirochaetaceae (UID2512)	56	235	124	199	36	0	0	0	0	12.64	0.00	0.00
ERR3684691	k__Bacteria (UID203)	5449	99	54	88	11	0	0	0	0	14.67	0.00	0.00
ERR3684692	f__Spirochaetaceae (UID2512)	56	235	124	163	68	4	0	0	0	30.99	1.30	0.00
ERR3684693	f__Spirochaetaceae (UID2512)	56	235	124	192	43	0	0	0	0	14.70	0.00	0.00
ERR3684694	f__Spirochaetaceae (UID2512)	56	235	124	3	228	4	0	0	0	98.74	1.35	25.00
ERR3684695	f__Spirochaetaceae (UID2512)	56	235	124	0	233	2	0	0	0	100.00	0.43	50.00
ERR3684696	f__Spirochaetaceae (UID2512)	56	235	124	2	232	1	0	0	0	98.79	0.81	0.00
ERR3684697	f__Spirochaetaceae (UID2512)	56	235	124	5	220	10	0	0	0	97.53	4.92	50.00
ERR3684698	f__Spirochaetaceae (UID2512)	56	235	124	7	220	8	0	0	0	95.14	3.73	37.50
ERR3684699	f__Spirochaetaceae (UID2512)	56	235	124	52	175	8	0	0	0	74.91	3.57	12.50
ERR3684700	f__Spirochaetaceae (UID2512)	56	235	124	0	233	2	0	0	0	100.00	1.61	0.00
ERR3684701	f__Spirochaetaceae (UID2512)	56	235	124	117	111	7	0	0	0	49.82	1.83	28.57
ERR3684702	f__Spirochaetaceae (UID2512)	56	235	124	2	230	3	0	0	0	98.39	0.86	66.67
ERR3684703	f__Spirochaetaceae (UID2512)	56	235	124	7	219	9	0	0	0	96.72	4.89	22.22
ERR3684704	f__Spirochaetaceae (UID2512)	56	235	124	20	199	16	0	0	0	88.81	4.60	31.25
ERR3684705	f__Spirochaetaceae (UID2512)	56	235	124	130	96	8	1	0	0	38.92	2.51	0.00
ERR3684706	f__Spirochaetaceae (UID2512)	56	235	124	1	233	1	0	0	0	99.97	0.27	100.00
ERR3684707	f__Spirochaetaceae (UID2512)	56	235	124	16	205	14	0	0	0	91.81	5.59	28.57
ERR3684708	f__Spirochaetaceae (UID2512)	56	235	124	6	216	13	0	0	0	96.88	5.26	15.38
ERR3684709	f__Spirochaetaceae (UID2512)	56	235	124	79	142	14	0	0	0	59.84	3.81	35.71
ERR3684710	f__Spirochaetaceae (UID2512)	56	235	124	48	170	16	1	0	0	73.85	9.00	26.32
ERR3684711	f__Spirochaetaceae (UID2512)	56	235	124	75	149	11	0	0	0	62.99	3.71	0.00
ERR3684712	f__Spirochaetaceae (UID2512)	56	235	124	23	201	11	0	0	0	88.56	3.31	18.18
ERR3684713	f__Spirochaetaceae (UID2512)	56	235	124	16	198	18	2	0	1	89.22	5.34	14.71
ERR3684714	f__Spirochaetaceae (UID2512)	56	235	124	26	192	17	0	0	0	87.33	5.22	17.65
ERR3684715	f__Spirochaetaceae (UID2512)	56	235	124	94	133	8	0	0	0	57.65	2.83	37.50
ERR3684716	f__Spirochaetaceae (UID2512)	56	235	124	71	149	15	0	0	0	64.10	7.27	40.00
ERR3684717	f__Spirochaetaceae (UID2512)	56	235	124	51	169	15	0	0	0	76.32	3.75	20.00
ERR3684718	f__Spirochaetaceae (UID2512)	56	235	124	28	192	15	0	0	0	83.75	3.52	20.00
ERR3684719	f__Spirochaetaceae (UID2512)	56	235	124	82	141	12	0	0	0	60.48	5.83	16.67
ERR3684720	f__Spirochaetaceae (UID2512)	56	235	124	61	167	7	0	0	0	70.86	1.11	0.00
ERR3684721	f__Spirochaetaceae (UID2512)	56	235	124	34	184	17	0	0	0	83.33	7.77	23.53
ERR3684722	f__Spirochaetaceae (UID2512)	56	235	124	16	205	14	0	0	0	89.20	6.60	14.29
ERR3684723	f__Spirochaetaceae (UID2512)	56	235	124	9	218	8	0	0	0	96.34	2.59	37.50
ERR3684724	f__Spirochaetaceae (UID2512)	56	235	124	6	220	9	0	0	0	97.29	4.09	55.56
ERR3684725	f__Spirochaetaceae (UID2512)	56	235	124	0	235	0	0	0	0	100.00	0.00	0.00
ERR3684726	f__Spirochaetaceae (UID2512)	56	235	124	51	167	17	0	0	0	79.23	8.15	11.76
ERR3684727	f__Spirochaetaceae (UID2512)	56	235	124	14	211	10	0	0	0	92.18	4.23	30.00
ERR3684728	f__Spirochaetaceae (UID2512)	56	235	124	20	200	14	1	0	0	89.11	5.33	17.65
ERR3684729	f__Spirochaetaceae (UID2512)	56	235	124	139	87	9	0	0	0	38.97	3.16	33.33
ERR3684730	f__Spirochaetaceae (UID2512)	56	235	124	131	99	5	0	0	0	41.60	1.94	40.00
ERR3684731	f__Spirochaetaceae (UID2512)	56	235	124	151	79	5	0	0	0	29.08	1.26	20.00
ERR3684732	f__Spirochaetaceae (UID2512)	56	235	124	139	91	5	0	0	0	36.49	0.55	20.00
ERR3684733	f__Spirochaetaceae (UID2512)	56	235	124	108	116	11	0	0	0	50.35	4.92	27.27
ERR3684734	f__Spirochaetaceae (UID2512)	56	235	124	132	90	13	0	0	0	38.82	1.53	30.77
ERR3684735	f__Spirochaetaceae (UID2512)	56	235	124	120	110	5	0	0	0	46.07	2.69	20.00
ERR3684736	f__Spirochaetaceae (UID2512)	56	235	124	195	40	0	0	0	0	14.20	0.00	0.00
ERR3684737	f__Spirochaetaceae (UID2512)	56	235	124	129	104	2	0	0	0	37.46	1.61	50.00
ERR3684738	f__Spirochaetaceae (UID2512)	56	235	124	162	72	1	0	0	0	27.61	0.12	0.00
ERR3684739	f__Spirochaetaceae (UID2512)	56	235	124	15	209	11	0	0	0	93.05	5.34	36.36
ERR3684740	f__Spirochaetaceae (UID2512)	56	235	124	58	163	14	0	0	0	69.70	3.59	28.57
ERR3684741	f__Spirochaetaceae (UID2512)	56	235	124	3	230	2	0	0	0	97.98	0.29	100.00
ERR3684742	f__Spirochaetaceae (UID2512)	56	235	124	22	202	11	0	0	0	89.68	4.67	27.27
ERR3684743	f__Spirochaetaceae (UID2512)	56	235	124	18	205	12	0	0	0	91.66	5.62	41.67
ERR3684744	f__Spirochaetaceae (UID2512)	56	235	124	15	208	12	0	0	0	90.69	4.64	16.67
ERR3684745	f__Spirochaetaceae (UID2512)	56	235	124	13	212	10	0	0	0	92.18	3.62	20.00
ERR3684746	f__Spirochaetaceae (UID2512)	56	235	124	9	214	12	0	0	0	95.07	3.70	41.67
ERR3684747	f__Spirochaetaceae (UID2512)	56	235	124	19	203	13	0	0	0	90.87	5.10	30.77
ERR3684748	f__Spirochaetaceae (UID2512)	56	235	124	7	221	7	0	0	0	96.61	4.30	0.00
ERR3684749	f__Spirochaetaceae (UID2512)	56	235	124	13	205	17	0	0	0	93.43	5.63	35.29
ERR3684750	f__Spirochaetaceae (UID2512)	56	235	124	10	217	8	0	0	0	94.71	3.75	25.00
ERR3684751	f__Spirochaetaceae (UID2512)	56	235	124	48	172	15	0	0	0	75.97	6.07	26.67
ERR3684752	f__Spirochaetaceae (UID2512)	56	235	124	28	189	18	0	0	0	86.78	5.40	33.33
ERR3684753	f__Spirochaetaceae (UID2512)	56	235	124	26	195	13	1	0	0	88.45	5.60	18.75
ERR3684754	f__Spirochaetaceae (UID2512)	56	235	124	99	125	11	0	0	0	53.26	4.63	18.18
ERR3684755	f__Spirochaetaceae (UID2512)	56	235	124	175	58	2	0	0	0	21.17	0.85	0.00
ERR3684756	f__Spirochaetaceae (UID2512)	56	235	124	132	98	5	0	0	0	39.47	1.00	40.00
ERR3684757	f__Spirochaetaceae (UID2512)	56	235	124	167	66	2	0	0	0	25.10	1.01	0.00
ERR3684758	f__Spirochaetaceae (UID2512)	56	235	124	38	183	13	1	0	0	81.18	4.46	25.00
ERR3684759	f__Spirochaetaceae (UID2512)	56	235	124	70	156	8	1	0	0	66.71	4.23	45.45
ERR3684760	f__Spirochaetaceae (UID2512)	56	235	124	124	107	4	0	0	0	43.06	0.86	0.00
ERR3684761	f__Spirochaetaceae (UID2512)	56	235	124	73	154	8	0	0	0	61.87	3.60	12.50
ERR3684762	f__Spirochaetaceae (UID2512)	56	235	124	115	111	8	1	0	0	50.37	3.35	54.55
ERR3684763	f__Spirochaetaceae (UID2512)	56	235	124	69	159	7	0	0	0	67.34	2.18	0.00
ERR3684764	f__Spirochaetaceae (UID2512)	56	235	124	42	178	15	0	0	0	79.62	5.29	20.00
ERR3684765	k__Bacteria (UID203)	5449	104	58	97	6	1	0	0	0	1.80	0.16	0.00
ERR3684766	f__Spirochaetaceae (UID2512)	56	235	124	167	66	2	0	0	0	28.83	0.83	0.00
ERR3684767	f__Spirochaetaceae (UID2512)	56	235	124	163	66	6	0	0	0	28.52	2.90	16.67
ERR3684768	f__Spirochaetaceae (UID2512)	56	235	124	126	105	4	0	0	0	40.80	2.02	25.00
ERR3684769	f__Spirochaetaceae (UID2512)	56	235	124	168	63	4	0	0	0	27.45	0.52	0.00
ERR3684770	f__Spirochaetaceae (UID2512)	56	235	124	122	103	10	0	0	0	43.09	2.97	30.00
ERR3684771	f__Spirochaetaceae (UID2512)	56	235	124	147	84	4	0	0	0	31.21	0.73	0.00
ERR3684772	k__Bacteria (UID203)	5449	99	54	75	23	1	0	0	0	28.20	0.17	0.00
ERR3684773	f__Spirochaetaceae (UID2512)	56	235	124	167	66	2	0	0	0	24.15	0.83	0.00
ERR3684774	k__Bacteria (UID203)	5449	99	54	94	5	0	0	0	0	4.04	0.00	0.00
ERR3684775	k__Bacteria (UID203)	5449	99	54	84	14	1	0	0	0	18.27	1.85	0.00
ERR3684776	f__Spirochaetaceae (UID2512)	56	235	124	194	41	0	0	0	0	15.71	0.00	0.00
ERR3684777	k__Bacteria (UID203)	5449	99	54	83	15	1	0	0	0	13.59	0.17	0.00
ERR3684778	k__Bacteria (UID203)	5449	104	58	93	8	3	0	0	0	2.85	0.47	33.33
ERR3684779	k__Bacteria (UID203)	5449	99	54	82	15	2	0	0	0	15.54	0.34	0.00
ERR3684780	f__Spirochaetaceae (UID2512)	56	235	124	196	38	1	0	0	0	13.11	0.05	0.00
ERR3684781	k__Bacteria (UID203)	5449	99	54	77	21	1	0	0	0	18.75	1.85	100.00
ERR3699556	f__Spirochaetaceae (UID2512)	56	235	124	11	212	12	0	0	0	95.38	4.78	75.00
ERR3699557	f__Spirochaetaceae (UID2512)	56	235	124	9	218	8	0	0	0	96.07	4.11	50.00
ERR3699558	f__Spirochaetaceae (UID2512)	56	235	124	118	100	17	0	0	0	48.34	6.83	11.76
ERR3699559	f__Spirochaetaceae (UID2512)	56	235	124	20	201	14	0	0	0	89.77	6.34	35.71
ERR3699560	f__Spirochaetaceae (UID2512)	56	235	124	22	203	10	0	0	0	87.49	4.16	20.00
ERR3699561	f__Spirochaetaceae (UID2512)	56	235	124	27	193	15	0	0	0	85.58	4.47	6.67
ERR3699562	f__Spirochaetaceae (UID2512)	56	235	124	18	206	11	0	0	0	88.31	3.20	45.45
ERR3699563	f__Spirochaetaceae (UID2512)	56	235	124	15	205	15	0	0	0	91.32	4.07	26.67
ERR3699564	f__Spirochaetaceae (UID2512)	56	235	124	31	195	9	0	0	0	83.60	2.39	22.22
ERR3699565	f__Spirochaetaceae (UID2512)	56	235	124	94	138	3	0	0	0	58.27	1.81	33.33
ERR3699566	f__Spirochaetaceae (UID2512)	56	235	124	17	204	14	0	0	0	92.10	5.46	21.43
ERR3699567	f__Spirochaetaceae (UID2512)	56	235	124	15	208	12	0	0	0	93.45	4.94	33.33
ERR3699568	f__Spirochaetaceae (UID2512)	56	235	124	22	198	14	1	0	0	87.38	5.18	35.29
ERR3699569	f__Spirochaetaceae (UID2512)	56	235	124	36	186	13	0	0	0	83.62	4.14	23.08
ERR3699570	f__Spirochaetaceae (UID2512)	56	235	124	5	219	10	1	0	0	96.77	3.81	23.08
ERR3699571	f__Spirochaetaceae (UID2512)	56	235	124	35	185	15	0	0	0	83.35	4.40	26.67
ERR3699572	f__Spirochaetaceae (UID2512)	56	235	124	25	199	11	0	0	0	86.72	3.67	45.45
ERR3699573	f__Spirochaetaceae (UID2512)	56	235	124	28	190	16	1	0	0	83.32	5.50	26.32
ERR3699574	f__Spirochaetaceae (UID2512)	56	235	124	39	185	10	1	0	0	79.80	4.21	23.08
ERR3699575	f__Spirochaetaceae (UID2512)	56	235	124	61	162	12	0	0	0	72.51	3.44	33.33
ERR3699576	f__Spirochaetaceae (UID2512)	56	235	124	12	207	16	0	0	0	92.31	7.26	43.75
ERR3699577	f__Spirochaetaceae (UID2512)	56	235	124	160	61	5	5	1	3	24.90	5.44	1.18
ERR3699578	f__Spirochaetaceae (UID2512)	56	235	124	59	165	11	0	0	0	66.67	3.03	0.00
ERR3699579	f__Spirochaetaceae (UID2512)	56	235	124	83	143	9	0	0	0	62.54	3.10	44.44
ERR3699580	f__Spirochaetaceae (UID2512)	56	235	124	115	114	5	1	0	0	48.33	1.41	0.00
ERR3699581	f__Spirochaetaceae (UID2512)	56	235	124	26	197	12	0	0	0	86.00	4.52	16.67
ERR3699582	f__Spirochaetaceae (UID2512)	56	235	124	137	97	1	0	0	0	34.33	0.05	0.00
ERR3699583	f__Spirochaetaceae (UID2512)	56	235	124	142	87	6	0	0	0	35.14	2.99	0.00
ERR3699584	f__Spirochaetaceae (UID2512)	56	235	124	127	103	5	0	0	0	40.53	1.93	20.00
ERR3699585	f__Spirochaetaceae (UID2512)	56	235	124	185	49	1	0	0	0	18.97	0.05	0.00
ERR3699586	f__Spirochaetaceae (UID2512)	56	235	124	172	61	2	0	0	0	25.24	0.43	0.00
ERR3699587	f__Spirochaetaceae (UID2512)	56	235	124	183	52	0	0	0	0	17.15	0.00	0.00
ERR3699588	f__Spirochaetaceae (UID2512)	56	235	124	171	63	1	0	0	0	26.86	0.81	100.00
ERR3699589	f__Spirochaetaceae (UID2512)	56	235	124	184	50	1	0	0	0	16.85	0.05	0.00
ERR3699590	f__Spirochaetaceae (UID2512)	56	235	124	101	128	5	1	0	0	53.76	3.14	12.50
ERR3699591	f__Spirochaetaceae (UID2512)	56	235	124	124	102	9	0	0	0	47.17	2.60	11.11
ERR3699592	f__Spirochaetaceae (UID2512)	56	235	124	172	63	0	0	0	0	19.67	0.00	0.00
ERR3699593	f__Spirochaetaceae (UID2512)	56	235	124	179	54	2	0	0	0	20.05	0.94	0.00
ERR3699594	f__Spirochaetaceae (UID2512)	56	235	124	191	43	1	0	0	0	13.66	0.05	0.00
ERR3699595	f__Spirochaetaceae (UID2512)	56	235	124	158	73	3	0	1	0	26.26	1.00	11.11
ERR3699596	f__Spirochaetaceae (UID2512)	56	235	124	168	61	6	0	0	0	27.01	2.56	16.67
ERR3699597	k__Bacteria (UID203)	5449	99	54	81	17	1	0	0	0	14.12	1.85	0.00
ERR3811624	f__Spirochaetaceae (UID2512)	56	235	124	18	206	11	0	0	0	88.12	5.25	27.27
ERR3811625	f__Spirochaetaceae (UID2512)	56	235	124	8	217	10	0	0	0	94.49	4.51	50.00
ERR3811626	f__Spirochaetaceae (UID2512)	56	235	124	85	141	9	0	0	0	60.40	4.11	11.11
ERR3811627	f__Spirochaetaceae (UID2512)	56	235	124	39	181	15	0	0	0	80.91	5.06	6.67
ERR3811628	f__Spirochaetaceae (UID2512)	56	235	124	16	212	7	0	0	0	91.57	3.64	0.00
ERR3811629	f__Spirochaetaceae (UID2512)	56	235	124	29	191	15	0	0	0	83.34	8.65	13.33
ERR3811630	f__Spirochaetaceae (UID2512)	56	235	124	23	194	18	0	0	0	90.47	8.04	38.89
ERR3811631	f__Spirochaetaceae (UID2512)	56	235	124	12	215	8	0	0	0	93.00	1.67	37.50
ERR3811632	f__Spirochaetaceae (UID2512)	56	235	124	129	93	9	2	1	1	38.94	5.63	12.90
ERR3811633	f__Spirochaetaceae (UID2512)	56	235	124	40	176	19	0	0	0	80.71	7.44	21.05
ERR3811634	f__Spirochaetaceae (UID2512)	56	235	124	42	175	18	0	0	0	79.34	5.79	33.33
ERR3811635	f__Spirochaetaceae (UID2512)	56	235	124	53	169	12	1	0	0	74.18	4.41	13.33
ERR3811636	f__Spirochaetaceae (UID2512)	56	235	124	45	173	17	0	0	0	75.67	6.38	17.65
ERR3811637	k__Bacteria (UID203)	5449	99	54	92	7	0	0	0	0	5.30	0.00	0.00
ERR3811638	f__Spirochaetaceae (UID2512)	56	235	124	169	65	1	0	0	0	23.77	0.05	0.00
ERR3811639	f__Spirochaetaceae (UID2512)	56	235	124	91	137	7	0	0	0	56.23	3.28	14.29
ERR3811640	f__Spirochaetaceae (UID2512)	56	235	124	137	95	3	0	0	0	36.59	0.50	33.33
ERR3811641	f__Spirochaetaceae (UID2512)	56	235	124	75	149	11	0	0	0	67.04	4.52	27.27
ERR3811642	f__Spirochaetaceae (UID2512)	56	235	124	21	201	13	0	0	0	88.95	3.34	0.00
ERR3811643	f__Spirochaetaceae (UID2512)	56	235	124	22	199	14	0	0	0	88.86	4.88	7.14
ERR3811644	f__Spirochaetaceae (UID2512)	56	235	124	100	123	11	1	0	0	49.88	5.19	21.43
ERR3811645	f__Spirochaetaceae (UID2512)	56	235	124	147	85	3	0	0	0	32.06	0.83	33.33
ERR3811646	f__Spirochaetaceae (UID2512)	56	235	124	148	84	3	0	0	0	34.79	0.28	33.33
ERR3811647	f__Spirochaetaceae (UID2512)	56	235	124	137	94	4	0	0	0	41.04	0.17	25.00
ERR3811648	k__Bacteria (UID203)	5449	99	54	74	24	1	0	0	0	26.61	1.85	100.00
ERR3811649	f__Spirochaetaceae (UID2512)	56	235	124	133	100	2	0	0	0	43.62	0.43	50.00
ERR3811650	k__Bacteria (UID203)	5449	104	58	98	6	0	0	0	0	5.83	0.00	0.00
ERR3811651	f__Spirochaetaceae (UID2512)	56	235	124	195	39	1	0	0	0	16.60	0.81	0.00
ERR3811652	k__Bacteria (UID203)	5449	99	54	83	16	0	0	0	0	15.52	0.00	0.00
ERR3811653	f__Spirochaetaceae (UID2512)	56	235	124	167	66	2	0	0	0	28.72	1.21	50.00
ERR3811654	f__Spirochaetaceae (UID2512)	56	235	124	175	57	3	0	0	0	21.40	1.24	66.67
ERR3811655	f__Spirochaetaceae (UID2512)	56	235	124	196	39	0	0	0	0	13.68	0.00	0.00
ERR3811656	k__Bacteria (UID203)	5449	99	54	89	10	0	0	0	0	10.30	0.00	0.00
ERR3811657	k__Bacteria (UID203)	5449	99	54	94	5	0	0	0	0	6.09	0.00	0.00
ERR3811658	f__Spirochaetaceae (UID2512)	56	235	124	141	91	3	0	0	0	36.56	0.36	0.00
ERR3811659	f__Spirochaetaceae (UID2512)	56	235	124	192	42	1	0	0	0	16.02	0.81	0.00
ERR3811660	k__Bacteria (UID203)	5449	99	54	85	13	1	0	0	0	12.29	1.85	0.00
ERR3811661	k__Bacteria (UID203)	5449	99	54	88	11	0	0	0	0	8.82	0.00	0.00
ERR3811662	f__Spirochaetaceae (UID2512)	56	235	124	165	67	3	0	0	0	28.51	1.61	0.00
ERR3811663	f__Spirochaetaceae (UID2512)	56	235	124	172	63	0	0	0	0	22.16	0.00	0.00
ERR3811664	k__Bacteria (UID203)	5449	99	54	89	10	0	0	0	0	11.14	0.00	0.00
ERR3811665	f__Spirochaetaceae (UID2512)	56	235	124	185	49	1	0	0	0	19.88	0.81	0.00
ERR4045376	f__Spirochaetaceae (UID2512)	56	235	124	6	224	5	0	0	0	96.48	1.16	20.00
ERR4045377	f__Spirochaetaceae (UID2512)	56	235	124	4	226	5	0	0	0	98.34	1.57	40.00
ERR4045378	f__Spirochaetaceae (UID2512)	56	235	124	1	230	4	0	0	0	99.60	0.24	25.00
ERR4045379	f__Spirochaetaceae (UID2512)	56	235	124	3	230	2	0	0	0	99.66	1.61	50.00
ERR4045380	f__Spirochaetaceae (UID2512)	56	235	124	0	233	2	0	0	0	100.00	0.05	0.00
ERR4045381	f__Spirochaetaceae (UID2512)	56	235	124	3	223	8	1	0	0	98.76	0.77	9.09
ERR4045382	f__Spirochaetaceae (UID2512)	56	235	124	5	221	9	0	0	0	98.34	1.74	55.56
ERR4045383	f__Spirochaetaceae (UID2512)	56	235	124	2	232	1	0	0	0	99.57	0.16	100.00
ERR4045384	f__Spirochaetaceae (UID2512)	56	235	124	4	225	6	0	0	0	98.61	2.23	50.00
ERR4045385	f__Spirochaetaceae (UID2512)	56	235	124	2	228	4	1	0	0	99.95	3.68	57.14
ERR4045386	f__Spirochaetaceae (UID2512)	56	235	124	2	223	9	1	0	0	99.17	2.95	8.33
ERR4045387	f__Spirochaetaceae (UID2512)	56	235	124	0	235	0	0	0	0	100.00	0.00	0.00
ERR4045388	f__Spirochaetaceae (UID2512)	56	235	124	10	216	9	0	0	0	95.27	3.77	55.56
ERR4045389	f__Spirochaetaceae (UID2512)	56	235	124	3	229	3	0	0	0	98.39	1.12	33.33
ERR4045390	f__Spirochaetaceae (UID2512)	56	235	124	2	232	0	1	0	0	98.39	0.81	100.00
ERR4045391	f__Spirochaetaceae (UID2512)	56	235	124	6	222	7	0	0	0	97.98	1.29	85.71
ERR4045392	f__Spirochaetaceae (UID2512)	56	235	124	2	227	6	0	0	0	98.39	2.90	66.67
ERR4045393	f__Spirochaetaceae (UID2512)	56	235	124	6	224	5	0	0	0	96.48	1.22	20.00
ERR4045394	f__Spirochaetaceae (UID2512)	56	235	124	4	229	2	0	0	0	97.55	1.61	0.00
ERR4045395	f__Spirochaetaceae (UID2512)	56	235	124	0	235	0	0	0	0	100.00	0.00	0.00
ERR4045396	f__Spirochaetaceae (UID2512)	56	235	124	2	231	2	0	0	0	98.39	1.61	50.00
ERR4045397	f__Spirochaetaceae (UID2512)	56	235	124	2	225	8	0	0	0	98.92	3.84	25.00
ERR4853527	f__Spirochaetaceae (UID2512)	56	235	124	0	235	0	0	0	0	100.00	0.00	0.00
ERR4853528	f__Spirochaetaceae (UID2512)	56	235	124	2	230	3	0	0	0	99.17	0.10	0.00
ERR4853529	f__Spirochaetaceae (UID2512)	56	235	124	0	235	0	0	0	0	100.00	0.00	0.00
ERR4853530	f__Spirochaetaceae (UID2512)	56	235	124	2	232	1	0	0	0	99.17	0.12	0.00
ERR4853531	f__Spirochaetaceae (UID2512)	56	235	124	1	227	5	2	0	0	99.97	1.05	0.00
ERR4853532	f__Spirochaetaceae (UID2512)	56	235	124	0	235	0	0	0	0	100.00	0.00	0.00
ERR4853533	f__Spirochaetaceae (UID2512)	56	235	124	0	234	1	0	0	0	100.00	0.03	100.00
ERR4853534	f__Spirochaetaceae (UID2512)	56	235	124	0	235	0	0	0	0	100.00	0.00	0.00
ERR4853535	f__Spirochaetaceae (UID2512)	56	235	124	0	235	0	0	0	0	100.00	0.00	0.00
ERR4853536	f__Spirochaetaceae (UID2512)	56	235	124	3	230	2	0	0	0	98.36	1.61	0.00
ERR4853537	f__Spirochaetaceae (UID2512)	56	235	124	1	234	0	0	0	0	99.97	0.00	0.00
ERR4853538	f__Spirochaetaceae (UID2512)	56	235	124	12	211	11	1	0	0	94.54	4.03	28.57
ERR4853539	f__Spirochaetaceae (UID2512)	56	235	124	6	221	8	0	0	0	97.44	0.54	25.00
ERR4853540	f__Spirochaetaceae (UID2512)	56	235	124	2	232	1	0	0	0	99.15	0.16	0.00
ERR4853541	f__Spirochaetaceae (UID2512)	56	235	124	0	235	0	0	0	0	100.00	0.00	0.00
ERR4853542	f__Spirochaetaceae (UID2512)	56	235	124	1	231	3	0	0	0	99.97	1.73	33.33
ERR4853543	f__Spirochaetaceae (UID2512)	56	235	124	0	233	2	0	0	0	100.00	0.32	0.00
ERR4853544	f__Spirochaetaceae (UID2512)	56	235	124	1	234	0	0	0	0	99.97	0.00	0.00
ERR4853545	f__Spirochaetaceae (UID2512)	56	235	124	0	232	2	1	0	0	100.00	1.71	0.00
ERR4853546	f__Spirochaetaceae (UID2512)	56	235	124	4	224	7	0	0	0	99.25	3.34	28.57
ERR4853547	f__Spirochaetaceae (UID2512)	56	235	124	1	234	0	0	0	0	99.97	0.00	0.00
ERR4853548	f__Spirochaetaceae (UID2512)	56	235	124	14	208	13	0	0	0	93.83	2.94	23.08
ERR4853549	f__Spirochaetaceae (UID2512)	56	235	124	4	223	8	0	0	0	98.63	3.46	12.50
ERR4853550	f__Spirochaetaceae (UID2512)	56	235	124	1	232	1	1	0	0	99.19	0.73	100.00
ERR4853551	f__Spirochaetaceae (UID2512)	56	235	124	0	235	0	0	0	0	100.00	0.00	0.00
ERR4853552	f__Spirochaetaceae (UID2512)	56	235	124	31	193	11	0	0	0	84.99	1.79	36.36
ERR4853553	f__Spirochaetaceae (UID2512)	56	235	124	1	234	0	0	0	0	99.97	0.00	0.00
ERR4853554	f__Spirochaetaceae (UID2512)	56	235	124	0	234	1	0	0	0	100.00	0.27	0.00
ERR4853555	f__Spirochaetaceae (UID2512)	56	235	124	0	235	0	0	0	0	100.00	0.00	0.00
ERR4853556	f__Spirochaetaceae (UID2512)	56	235	124	0	233	2	0	0	0	100.00	0.32	0.00
ERR4853557	f__Spirochaetaceae (UID2512)	56	235	124	19	192	24	0	0	0	91.69	7.83	37.50
ERR4853558	f__Spirochaetaceae (UID2512)	56	235	124	6	218	11	0	0	0	97.10	3.71	18.18
ERR4853559	f__Spirochaetaceae (UID2512)	56	235	124	1	230	3	1	0	0	99.97	0.59	0.00
ERR4853560	f__Spirochaetaceae (UID2512)	56	235	124	0	234	1	0	0	0	100.00	0.40	0.00
ERR4853561	f__Spirochaetaceae (UID2512)	56	235	124	0	235	0	0	0	0	100.00	0.00	0.00
ERR4853562	f__Spirochaetaceae (UID2512)	56	235	124	0	235	0	0	0	0	100.00	0.00	0.00
ERR4853563	f__Spirochaetaceae (UID2512)	56	235	124	2	228	5	0	0	0	98.39	1.33	0.00
ERR4853564	f__Spirochaetaceae (UID2512)	56	235	124	15	210	10	0	0	0	92.23	2.97	20.00
ERR4853565	f__Spirochaetaceae (UID2512)	56	235	124	0	234	1	0	0	0	100.00	0.05	0.00
ERR4853566	f__Spirochaetaceae (UID2512)	56	235	124	1	234	0	0	0	0	99.97	0.00	0.00
ERR4853567	f__Spirochaetaceae (UID2512)	56	235	124	17	217	1	0	0	0	93.15	0.81	0.00
ERR4853568	f__Spirochaetaceae (UID2512)	56	235	124	0	235	0	0	0	0	100.00	0.00	0.00
ERR4853569	f__Spirochaetaceae (UID2512)	56	235	124	0	235	0	0	0	0	100.00	0.00	0.00
ERR4853570	f__Spirochaetaceae (UID2512)	56	235	124	2	233	0	0	0	0	99.17	0.00	0.00
ERR4853571	f__Spirochaetaceae (UID2512)	56	235	124	0	235	0	0	0	0	100.00	0.00	0.00
ERR4853572	f__Spirochaetaceae (UID2512)	56	235	124	0	235	0	0	0	0	100.00	0.00	0.00
ERR4853573	f__Spirochaetaceae (UID2512)	56	235	124	0	235	0	0	0	0	100.00	0.00	0.00
ERR4853574	f__Spirochaetaceae (UID2512)	56	235	124	53	167	14	1	0	0	72.88	4.64	47.06
ERR4853575	f__Spirochaetaceae (UID2512)	56	235	124	27	197	11	0	0	0	86.00	3.63	18.18
ERR4853576	f__Spirochaetaceae (UID2512)	56	235	124	49	171	15	0	0	0	78.74	5.98	6.67
ERR4853577	f__Spirochaetaceae (UID2512)	56	235	124	0	233	2	0	0	0	100.00	0.07	0.00
ERR4853578	f__Spirochaetaceae (UID2512)	56	235	124	6	218	11	0	0	0	96.34	3.31	45.45
ERR4853579	f__Spirochaetaceae (UID2512)	56	235	124	0	235	0	0	0	0	100.00	0.00	0.00
ERR4853580	f__Spirochaetaceae (UID2512)	56	235	124	2	233	0	0	0	0	99.17	0.00	0.00
ERR4853581	f__Spirochaetaceae (UID2512)	56	235	124	109	122	4	0	0	0	49.17	1.13	25.00
ERR4853582	f__Spirochaetaceae (UID2512)	56	235	124	1	223	7	2	2	0	99.97	3.30	0.00
ERR4853583	f__Spirochaetaceae (UID2512)	56	235	124	0	235	0	0	0	0	100.00	0.00	0.00
ERR4853584	f__Spirochaetaceae (UID2512)	56	235	124	0	232	3	0	0	0	100.00	0.32	0.00
ERR4853585	f__Spirochaetaceae (UID2512)	56	235	124	0	235	0	0	0	0	100.00	0.00	0.00
ERR4853586	f__Spirochaetaceae (UID2512)	56	235	124	0	235	0	0	0	0	100.00	0.00	0.00
ERR4853587	f__Spirochaetaceae (UID2512)	56	235	124	0	235	0	0	0	0	100.00	0.00	0.00
ERR4853588	f__Spirochaetaceae (UID2512)	56	235	124	1	234	0	0	0	0	99.97	0.00	0.00
ERR4853589	f__Spirochaetaceae (UID2512)	56	235	124	0	235	0	0	0	0	100.00	0.00	0.00
ERR4853590	f__Spirochaetaceae (UID2512)	56	235	124	1	231	3	0	0	0	99.97	1.08	66.67
ERR4853591	f__Spirochaetaceae (UID2512)	56	235	124	3	227	5	0	0	0	97.98	1.33	40.00
ERR4853592	f__Spirochaetaceae (UID2512)	56	235	124	0	234	1	0	0	0	100.00	0.05	0.00
ERR4853593	f__Spirochaetaceae (UID2512)	56	235	124	2	233	0	0	0	0	99.17	0.00	0.00
ERR4853594	k__Bacteria (UID203)	5449	99	54	6	71	11	3	3	5	94.73	30.56	8.27
ERR4853595	f__Spirochaetaceae (UID2512)	56	235	124	50	178	7	0	0	0	73.22	2.08	28.57
ERR4853596	f__Spirochaetaceae (UID2512)	56	235	124	1	230	2	2	0	0	99.97	0.85	0.00
ERR4853597	f__Spirochaetaceae (UID2512)	56	235	124	0	227	6	2	0	0	100.00	1.10	0.00
ERR4853598	f__Spirochaetaceae (UID2512)	56	235	124	0	226	8	1	0	0	100.00	0.81	0.00
ERR4853599	f__Spirochaetaceae (UID2512)	56	235	124	2	230	3	0	0	0	99.71	0.61	33.33
ERR4853600	f__Spirochaetaceae (UID2512)	56	235	124	2	229	4	0	0	0	98.39	1.04	0.00
ERR4853601	f__Spirochaetaceae (UID2512)	56	235	124	1	233	1	0	0	0	99.97	0.05	0.00
ERR4853602	f__Spirochaetaceae (UID2512)	56	235	124	1	234	0	0	0	0	99.97	0.00	0.00
ERR4853603	f__Spirochaetaceae (UID2512)	56	235	124	1	230	4	0	0	0	99.19	1.22	50.00
ERR4853604	f__Spirochaetaceae (UID2512)	56	235	124	1	233	1	0	0	0	99.97	0.16	100.00
ERR4853605	f__Spirochaetaceae (UID2512)	56	235	124	0	235	0	0	0	0	100.00	0.00	0.00
ERR4853606	f__Spirochaetaceae (UID2512)	56	235	124	4	226	5	0	0	0	98.36	1.59	60.00
ERR4853607	f__Spirochaetaceae (UID2512)	56	235	124	61	166	8	0	0	0	72.21	4.03	25.00
ERR4853608	f__Spirochaetaceae (UID2512)	56	235	124	10	209	16	0	0	0	94.06	7.57	43.75
ERR4853609	f__Spirochaetaceae (UID2512)	56	235	124	33	184	18	0	0	0	85.01	6.09	16.67
ERR4853610	f__Spirochaetaceae (UID2512)	56	235	124	0	235	0	0	0	0	100.00	0.00	0.00
ERR4853611	f__Spirochaetaceae (UID2512)	56	235	124	1	223	10	1	0	0	99.97	1.31	0.00
ERR4853612	f__Spirochaetaceae (UID2512)	56	235	124	23	201	11	0	0	0	88.47	2.86	54.55
ERR4853613	f__Spirochaetaceae (UID2512)	56	235	124	1	230	4	0	0	0	99.19	1.46	50.00
ERR4853614	f__Spirochaetaceae (UID2512)	56	235	124	0	232	3	0	0	0	100.00	0.88	0.00
ERR4853615	f__Spirochaetaceae (UID2512)	56	235	124	1	234	0	0	0	0	99.97	0.00	0.00
ERR4853616	f__Spirochaetaceae (UID2512)	56	235	124	6	225	4	0	0	0	98.29	1.91	25.00
ERR4853617	f__Spirochaetaceae (UID2512)	56	235	124	2	228	4	1	0	0	99.17	0.62	14.29
ERR4853618	f__Spirochaetaceae (UID2512)	56	235	124	1	220	13	1	0	0	99.97	4.35	25.00
ERR4853619	f__Spirochaetaceae (UID2512)	56	235	124	3	228	4	0	0	0	99.52	1.22	0.00
ERR4853620	f__Spirochaetaceae (UID2512)	56	235	124	1	234	0	0	0	0	99.97	0.00	0.00
ERR4853621	f__Spirochaetaceae (UID2512)	56	235	124	11	217	7	0	0	0	94.97	3.74	42.86
ERR4853622	f__Spirochaetaceae (UID2512)	56	235	124	41	178	14	2	0	0	77.61	6.59	20.00
ERR4853623	f__Spirochaetaceae (UID2512)	56	235	124	0	229	6	0	0	0	100.00	2.16	50.00
ERR4853624	f__Spirochaetaceae (UID2512)	56	235	124	18	208	9	0	0	0	91.25	4.11	33.33
ERR4853625	f__Spirochaetaceae (UID2512)	56	235	124	0	230	3	2	0	0	100.00	1.45	0.00
ERR4853626	f__Spirochaetaceae (UID2512)	56	235	124	23	197	15	0	0	0	88.76	7.02	26.67
ERR4853627	f__Spirochaetaceae (UID2512)	56	235	124	35	188	12	0	0	0	80.47	2.87	33.33
ERR4853628	f__Spirochaetaceae (UID2512)	56	235	124	23	202	10	0	0	0	87.85	3.42	30.00
ERR4853629	f__Spirochaetaceae (UID2512)	56	235	124	1	233	1	0	0	0	99.19	0.05	100.00
ERR4853630	f__Spirochaetaceae (UID2512)	56	235	124	10	213	12	0	0	0	93.93	4.77	16.67
ERR4853631	f__Spirochaetaceae (UID2512)	56	235	124	0	235	0	0	0	0	100.00	0.00	0.00
ERR4853632	f__Spirochaetaceae (UID2512)	56	235	124	79	150	5	1	0	0	71.65	4.19	12.50
ERR4853633	f__Spirochaetaceae (UID2512)	56	235	124	9	215	11	0	0	0	96.54	2.78	27.27
ERR4853634	f__Spirochaetaceae (UID2512)	56	235	124	24	202	9	0	0	0	86.30	2.37	22.22
ERR4853635	f__Spirochaetaceae (UID2512)	56	235	124	18	211	6	0	0	0	89.98	1.29	16.67
ERR4853636	f__Spirochaetaceae (UID2512)	56	235	124	16	208	11	0	0	0	92.39	4.63	18.18
ERR4853637	f__Spirochaetaceae (UID2512)	56	235	124	53	174	8	0	0	0	80.17	2.96	25.00
ERR4853638	f__Spirochaetaceae (UID2512)	56	235	124	58	161	16	0	0	0	71.83	5.26	50.00
ERR4853639	f__Spirochaetaceae (UID2512)	56	235	124	103	126	6	0	0	0	53.89	2.69	50.00
ERR4853640	f__Spirochaetaceae (UID2512)	56	235	124	1	232	2	0	0	0	99.97	0.83	50.00
ERR4853641	f__Spirochaetaceae (UID2512)	56	235	124	0	234	1	0	0	0	100.00	0.81	0.00
ERR4853642	f__Spirochaetaceae (UID2512)	56	235	124	45	174	16	0	0	0	77.14	5.17	25.00
ERR4853643	f__Spirochaetaceae (UID2512)	56	235	124	0	235	0	0	0	0	100.00	0.00	0.00
ERR4853644	f__Spirochaetaceae (UID2512)	56	235	124	2	231	2	0	0	0	98.39	0.83	0.00
ERR4853645	f__Spirochaetaceae (UID2512)	56	235	124	0	233	2	0	0	0	100.00	1.08	50.00
ERR4853646	f__Spirochaetaceae (UID2512)	56	235	124	61	156	18	0	0	0	71.52	6.25	27.78
ERR4853647	f__Spirochaetaceae (UID2512)	56	235	124	10	213	11	1	0	0	94.46	6.26	50.00
ERR4853648	f__Spirochaetaceae (UID2512)	56	235	124	3	221	11	0	0	0	98.76	3.94	18.18
ERR4853649	f__Spirochaetaceae (UID2512)	56	235	124	46	178	11	0	0	0	78.77	4.65	27.27
ERR4853650	f__Spirochaetaceae (UID2512)	56	235	124	18	207	10	0	0	0	91.14	1.39	50.00
ERR4853651	f__Spirochaetaceae (UID2512)	56	235	124	0	235	0	0	0	0	100.00	0.00	0.00
ERR4853652	f__Spirochaetaceae (UID2512)	56	235	124	18	217	0	0	0	0	92.34	0.00	0.00
ERR4853653	f__Spirochaetaceae (UID2512)	56	235	124	1	233	1	0	0	0	99.97	0.12	100.00
ERR4853654	f__Spirochaetaceae (UID2512)	56	235	124	41	179	15	0	0	0	79.19	3.79	33.33
ERR4853655	f__Spirochaetaceae (UID2512)	56	235	124	27	198	10	0	0	0	89.22	3.84	30.00
ERR4853656	f__Spirochaetaceae (UID2512)	56	235	124	91	137	7	0	0	0	60.83	2.10	28.57
ERR4853657	f__Spirochaetaceae (UID2512)	56	235	124	27	195	12	1	0	0	87.74	3.23	46.67
ERR4853658	f__Spirochaetaceae (UID2512)	56	235	124	6	226	3	0	0	0	95.94	1.12	66.67
ERR4853659	f__Spirochaetaceae (UID2512)	56	235	124	14	210	11	0	0	0	93.31	3.11	9.09
ERR4853660	f__Spirochaetaceae (UID2512)	56	235	124	100	124	11	0	0	0	57.09	4.69	18.18
ERR4853661	f__Spirochaetaceae (UID2512)	56	235	124	2	232	1	0	0	0	98.79	0.81	0.00
ERR4853662	f__Spirochaetaceae (UID2512)	56	235	124	1	232	1	1	0	0	99.97	0.52	75.00
ERR4853663	f__Spirochaetaceae (UID2512)	56	235	124	2	231	2	0	0	0	99.57	0.97	50.00
ERR4853664	f__Spirochaetaceae (UID2512)	56	235	124	2	228	5	0	0	0	99.17	0.93	20.00
ERR4853665	f__Spirochaetaceae (UID2512)	56	235	124	1	234	0	0	0	0	99.97	0.00	0.00
ERR4853666	f__Spirochaetaceae (UID2512)	56	235	124	2	231	2	0	0	0	99.57	0.85	50.00
ERR4853667	f__Spirochaetaceae (UID2512)	56	235	124	1	232	2	0	0	0	99.97	0.45	50.00
ERR4853668	f__Spirochaetaceae (UID2512)	56	235	124	2	232	1	0	0	0	99.95	0.81	0.00
ERR4853669	f__Spirochaetaceae (UID2512)	56	235	124	30	195	10	0	0	0	84.34	3.15	10.00
ERR4853670	f__Spirochaetaceae (UID2512)	56	235	124	1	234	0	0	0	0	99.97	0.00	0.00
ERR4853671	f__Spirochaetaceae (UID2512)	56	235	124	2	216	12	4	1	0	99.17	5.07	0.00
ERR4853672	f__Spirochaetaceae (UID2512)	56	235	124	0	233	2	0	0	0	100.00	1.21	0.00
ERR4853673	f__Spirochaetaceae (UID2512)	56	235	124	6	218	11	0	0	0	98.04	4.94	27.27
ERR4853674	f__Spirochaetaceae (UID2512)	56	235	124	0	235	0	0	0	0	100.00	0.00	0.00
ERR4853675	f__Spirochaetaceae (UID2512)	56	235	124	17	200	15	2	0	1	93.17	6.83	29.03
ERR4853676	f__Spirochaetaceae (UID2512)	56	235	124	1	234	0	0	0	0	99.97	0.00	0.00
ERR4853677	f__Spirochaetaceae (UID2512)	56	235	124	1	233	1	0	0	0	99.19	0.81	0.00
ERR4853678	f__Spirochaetaceae (UID2512)	56	235	124	2	228	5	0	0	0	99.93	1.80	20.00
ERR4853679	f__Spirochaetaceae (UID2512)	56	235	124	0	235	0	0	0	0	100.00	0.00	0.00
ERR4853680	f__Spirochaetaceae (UID2512)	56	235	124	2	226	7	0	0	0	99.15	2.81	28.57
ERR4853681	f__Spirochaetaceae (UID2512)	56	235	124	2	228	5	0	0	0	99.71	1.66	40.00
ERR4853682	f__Spirochaetaceae (UID2512)	56	235	124	1	230	4	0	0	0	99.97	1.71	50.00
ERR4853683	f__Spirochaetaceae (UID2512)	56	235	124	5	226	3	1	0	0	96.75	2.87	66.67
ERR4853684	f__Spirochaetaceae (UID2512)	56	235	124	0	235	0	0	0	0	100.00	0.00	0.00
ERR4853685	f__Spirochaetaceae (UID2512)	56	235	124	70	156	9	0	0	0	68.01	3.28	11.11
ERR4853686	f__Spirochaetaceae (UID2512)	56	235	124	31	192	12	0	0	0	82.94	5.66	25.00
ERR4899197	f__Spirochaetaceae (UID2512)	56	235	124	0	235	0	0	0	0	100.00	0.00	0.00
ERR4899198	f__Spirochaetaceae (UID2512)	56	235	124	0	235	0	0	0	0	100.00	0.00	0.00
ERR4899199	f__Spirochaetaceae (UID2512)	56	235	124	11	215	9	0	0	0	94.57	2.76	33.33
ERR4899200	f__Spirochaetaceae (UID2512)	56	235	124	0	235	0	0	0	0	100.00	0.00	0.00
ERR4899201	f__Spirochaetaceae (UID2512)	56	235	124	0	235	0	0	0	0	100.00	0.00	0.00
ERR4899202	f__Spirochaetaceae (UID2512)	56	235	124	0	234	1	0	0	0	100.00	0.05	0.00
ERR4899203	f__Spirochaetaceae (UID2512)	56	235	124	0	235	0	0	0	0	100.00	0.00	0.00
ERR4899204	f__Spirochaetaceae (UID2512)	56	235	124	0	235	0	0	0	0	100.00	0.00	0.00
ERR4899205	f__Spirochaetaceae (UID2512)	56	235	124	24	198	13	0	0	0	88.62	5.52	38.46
ERR4899206	f__Spirochaetaceae (UID2512)	56	235	124	2	230	3	0	0	0	99.57	0.65	100.00
ERR4899207	f__Spirochaetaceae (UID2512)	56	235	124	41	174	19	1	0	0	81.23	6.80	27.27
ERR4899208	f__Spirochaetaceae (UID2512)	56	235	124	50	183	2	0	0	0	78.51	0.67	50.00
ERR4899209	f__Spirochaetaceae (UID2512)	56	235	124	2	231	2	0	0	0	99.17	0.52	50.00
ERR4899210	f__Spirochaetaceae (UID2512)	56	235	124	3	222	8	2	0	0	98.36	2.35	0.00
ERR4899211	f__Spirochaetaceae (UID2512)	56	235	124	2	231	2	0	0	0	99.17	0.38	50.00
ERR4899212	f__Spirochaetaceae (UID2512)	56	235	124	4	227	4	0	0	0	98.34	1.69	25.00
ERR4899213	f__Spirochaetaceae (UID2512)	56	235	124	1	234	0	0	0	0	99.97	0.00	0.00
ERR4899214	f__Spirochaetaceae (UID2512)	56	235	124	2	227	6	0	0	0	99.57	1.35	50.00
ERR4899215	f__Spirochaetaceae (UID2512)	56	235	124	0	223	10	2	0	0	100.00	1.71	18.75
ERR4899216	f__Spirochaetaceae (UID2512)	56	235	124	0	235	0	0	0	0	100.00	0.00	0.00
ERR4899217	f__Spirochaetaceae (UID2512)	56	235	124	1	230	1	2	1	0	99.97	1.09	0.00
ERR4899218	f__Spirochaetaceae (UID2512)	56	235	124	27	184	24	0	0	0	88.15	6.70	8.33
ERR4899219	f__Spirochaetaceae (UID2512)	56	235	124	54	168	13	0	0	0	74.24	4.16	23.08
ERR4899220	f__Spirochaetaceae (UID2512)	56	235	124	86	139	9	1	0	0	60.20	3.67	25.00
ERR4899221	f__Spirochaetaceae (UID2512)	56	235	124	7	213	15	0	0	0	95.54	8.16	26.67
ERR4899222	f__Spirochaetaceae (UID2512)	56	235	124	1	233	1	0	0	0	99.97	0.40	100.00
ERR4899223	f__Spirochaetaceae (UID2512)	56	235	124	17	205	12	1	0	0	92.91	5.26	0.00
ERR4899224	f__Spirochaetaceae (UID2512)	56	235	124	1	233	1	0	0	0	99.97	0.27	100.00
ERR4899225	f__Spirochaetaceae (UID2512)	56	235	124	39	175	21	0	0	0	83.38	7.37	23.81
ERR4899226	f__Spirochaetaceae (UID2512)	56	235	124	2	230	3	0	0	0	98.79	0.79	0.00
ERR4899227	f__Spirochaetaceae (UID2512)	56	235	124	2	228	5	0	0	0	99.17	2.31	20.00
ERR4899228	f__Spirochaetaceae (UID2512)	56	235	124	2	230	3	0	0	0	99.17	1.12	66.67
ERR4899229	f__Spirochaetaceae (UID2512)	56	235	124	8	218	9	0	0	0	96.11	3.08	33.33
ERR4899230	f__Spirochaetaceae (UID2512)	56	235	124	0	235	0	0	0	0	100.00	0.00	0.00
ERR4899231	f__Spirochaetaceae (UID2512)	56	235	124	2	233	0	0	0	0	99.17	0.00	0.00
ERR4899232	f__Spirochaetaceae (UID2512)	56	235	124	139	90	6	0	0	0	39.26	3.66	16.67
ERR4899233	f__Spirochaetaceae (UID2512)	56	235	124	28	194	13	0	0	0	85.45	5.00	15.38
ERR4899234	f__Spirochaetaceae (UID2512)	56	235	124	8	219	8	0	0	0	97.26	3.84	37.50
ERR4899235	f__Spirochaetaceae (UID2512)	56	235	124	12	208	15	0	0	0	95.60	5.94	26.67
ERR4899236	f__Spirochaetaceae (UID2512)	56	235	124	3	229	3	0	0	0	99.17	0.50	33.33
ERR4899237	f__Spirochaetaceae (UID2512)	56	235	124	4	219	12	0	0	0	97.55	4.61	25.00
ERR4899238	f__Spirochaetaceae (UID2512)	56	235	124	161	73	1	0	0	0	31.34	0.05	0.00
ERR4899239	f__Spirochaetaceae (UID2512)	56	235	124	21	197	15	2	0	0	88.17	4.38	14.29
ERR4899240	f__Spirochaetaceae (UID2512)	56	235	124	73	149	13	0	0	0	66.28	4.26	7.69
ERR4899241	f__Spirochaetaceae (UID2512)	56	235	124	0	235	0	0	0	0	100.00	0.00	0.00
ERR4899242	f__Spirochaetaceae (UID2512)	56	235	124	3	228	4	0	0	0	97.58	1.50	50.00
ERR4899243	f__Spirochaetaceae (UID2512)	56	235	124	0	235	0	0	0	0	100.00	0.00	0.00
ERR4899244	f__Spirochaetaceae (UID2512)	56	235	124	68	157	9	1	0	0	68.51	2.28	16.67
ERR4899245	f__Spirochaetaceae (UID2512)	56	235	124	17	218	0	0	0	0	93.15	0.00	0.00
ERR4899246	f__Spirochaetaceae (UID2512)	56	235	124	8	213	13	1	0	0	97.16	5.04	18.75
ERR4993349	f__Spirochaetaceae (UID2512)	56	235	124	0	235	0	0	0	0	100.00	0.00	0.00
ERR4993350	f__Spirochaetaceae (UID2512)	56	235	124	0	235	0	0	0	0	100.00	0.00	0.00
ERR4993351	f__Spirochaetaceae (UID2512)	56	235	124	0	234	1	0	0	0	100.00	0.05	0.00
ERR4993352	f__Spirochaetaceae (UID2512)	56	235	124	0	235	0	0	0	0	100.00	0.00	0.00
ERR4993353	f__Spirochaetaceae (UID2512)	56	235	124	0	235	0	0	0	0	100.00	0.00	0.00
ERR4993354	f__Spirochaetaceae (UID2512)	56	235	124	1	234	0	0	0	0	99.19	0.00	0.00
ERR4993355	f__Spirochaetaceae (UID2512)	56	235	124	0	235	0	0	0	0	100.00	0.00	0.00
ERR4993356	f__Spirochaetaceae (UID2512)	56	235	124	0	235	0	0	0	0	100.00	0.00	0.00
ERR4993357	f__Spirochaetaceae (UID2512)	56	235	124	0	235	0	0	0	0	100.00	0.00	0.00
ERR4993358	f__Spirochaetaceae (UID2512)	56	235	124	0	235	0	0	0	0	100.00	0.00	0.00
ERR4993359	f__Spirochaetaceae (UID2512)	56	235	124	0	235	0	0	0	0	100.00	0.00	0.00
ERR4993360	f__Spirochaetaceae (UID2512)	56	235	124	1	234	0	0	0	0	99.97	0.00	0.00
ERR4993361	f__Spirochaetaceae (UID2512)	56	235	124	0	235	0	0	0	0	100.00	0.00	0.00
ERR4993362	f__Spirochaetaceae (UID2512)	56	235	124	0	235	0	0	0	0	100.00	0.00	0.00
ERR5206964	f__Spirochaetaceae (UID2512)	56	235	124	36	190	9	0	0	0	86.17	3.35	22.22
ERR5206965	f__Spirochaetaceae (UID2512)	56	235	124	102	127	6	0	0	0	59.23	2.47	33.33
ERR5206966	f__Spirochaetaceae (UID2512)	56	235	124	47	174	14	0	0	0	78.25	5.06	35.71
ERR5206967	f__Spirochaetaceae (UID2512)	56	235	124	49	175	11	0	0	0	79.83	4.40	9.09
ERR5206968	f__Spirochaetaceae (UID2512)	56	235	124	45	181	9	0	0	0	83.81	3.95	33.33
ERR5206969	f__Spirochaetaceae (UID2512)	56	235	124	49	168	18	0	0	0	81.84	7.71	33.33
ERR5206970	f__Spirochaetaceae (UID2512)	56	235	124	3	227	5	0	0	0	97.58	1.20	40.00
ERR5206971	f__Spirochaetaceae (UID2512)	56	235	124	35	189	11	0	0	0	84.45	3.70	27.27
ERR5206972	f__Spirochaetaceae (UID2512)	56	235	124	5	223	7	0	0	0	97.93	1.58	28.57
ERR5206973	f__Spirochaetaceae (UID2512)	56	235	124	98	133	3	1	0	0	58.85	2.53	66.67
ERR5206974	f__Spirochaetaceae (UID2512)	56	235	124	7	222	6	0	0	0	97.64	0.53	50.00
ERR5206975	f__Spirochaetaceae (UID2512)	56	235	124	56	168	10	1	0	0	75.84	6.84	7.69
ERR5206976	f__Spirochaetaceae (UID2512)	56	235	124	17	208	10	0	0	0	91.10	2.86	10.00
ERR5206977	f__Spirochaetaceae (UID2512)	56	235	124	98	127	10	0	0	0	60.88	3.75	10.00
ERR5206978	f__Spirochaetaceae (UID2512)	56	235	124	45	175	15	0	0	0	82.20	4.99	33.33
ERR5206979	f__Spirochaetaceae (UID2512)	56	235	124	42	184	9	0	0	0	82.57	3.06	22.22
ERR5206980	f__Spirochaetaceae (UID2512)	56	235	124	36	189	10	0	0	0	83.72	4.41	40.00
ERR5206981	f__Spirochaetaceae (UID2512)	56	235	124	20	205	10	0	0	0	90.44	2.14	0.00
ERR5206982	f__Spirochaetaceae (UID2512)	56	235	124	51	170	14	0	0	0	76.56	6.28	21.43
ERR5206983	f__Spirochaetaceae (UID2512)	56	235	124	102	124	9	0	0	0	64.09	4.73	22.22
ERR5206984	f__Spirochaetaceae (UID2512)	56	235	124	13	220	2	0	0	0	94.47	0.07	50.00
ERR5206985	f__Spirochaetaceae (UID2512)	56	235	124	78	151	6	0	0	0	71.14	2.85	16.67
ERR5206986	f__Spirochaetaceae (UID2512)	56	235	124	36	187	12	0	0	0	83.37	6.00	25.00
ERR5206987	f__Spirochaetaceae (UID2512)	56	235	124	58	167	10	0	0	0	74.08	3.53	10.00
ERR5206988	f__Spirochaetaceae (UID2512)	56	235	124	43	189	3	0	0	0	83.39	2.42	33.33
ERR5206989	f__Spirochaetaceae (UID2512)	56	235	124	31	200	4	0	0	0	88.51	1.22	25.00
ERR5206990	f__Spirochaetaceae (UID2512)	56	235	124	1	234	0	0	0	0	99.97	0.00	0.00
ERR5206991	f__Spirochaetaceae (UID2512)	56	235	124	19	208	8	0	0	0	92.83	3.06	50.00
ERR5206992	f__Spirochaetaceae (UID2512)	56	235	124	26	190	19	0	0	0	88.08	6.50	31.58
ERR5206993	f__Spirochaetaceae (UID2512)	56	235	124	16	215	4	0	0	0	89.76	1.02	0.00
ERR5206994	f__Spirochaetaceae (UID2512)	56	235	124	23	203	9	0	0	0	89.27	3.78	11.11
ERR5206995	f__Spirochaetaceae (UID2512)	56	235	124	20	206	9	0	0	0	92.23	3.28	22.22
ERR5206996	f__Spirochaetaceae (UID2512)	56	235	124	69	161	5	0	0	0	71.08	1.42	40.00
ERR5206997	f__Spirochaetaceae (UID2512)	56	235	124	83	140	12	0	0	0	70.28	6.64	33.33
ERR5206998	f__Spirochaetaceae (UID2512)	56	235	124	54	175	6	0	0	0	74.93	1.87	33.33
ERR5206999	f__Spirochaetaceae (UID2512)	56	235	124	63	164	8	0	0	0	73.66	3.84	25.00
ERR5207000	f__Spirochaetaceae (UID2512)	56	235	124	74	146	15	0	0	0	67.95	7.78	26.67
ERR5207001	f__Spirochaetaceae (UID2512)	56	235	124	62	168	5	0	0	0	71.21	1.82	20.00
ERR5207002	f__Spirochaetaceae (UID2512)	56	235	124	74	154	7	0	0	0	70.79	2.50	14.29
ERR5207003	f__Spirochaetaceae (UID2512)	56	235	124	0	234	1	0	0	0	100.00	0.40	0.00
ERR5207004	f__Spirochaetaceae (UID2512)	56	235	124	27	199	9	0	0	0	88.56	3.15	33.33
ERR5207005	f__Spirochaetaceae (UID2512)	56	235	124	1	229	5	0	0	0	99.97	1.11	0.00
ERR5207006	f__Spirochaetaceae (UID2512)	56	235	124	5	226	4	0	0	0	98.74	0.93	75.00
ERR5207007	f__Spirochaetaceae (UID2512)	56	235	124	0	228	7	0	0	0	100.00	1.04	0.00
ERR5207008	f__Spirochaetaceae (UID2512)	56	235	124	0	235	0	0	0	0	100.00	0.00	0.00
ERR5207009	f__Spirochaetaceae (UID2512)	56	235	124	0	235	0	0	0	0	100.00	0.00	0.00
ERR5207010	f__Spirochaetaceae (UID2512)	56	235	124	0	232	3	0	0	0	100.00	0.90	33.33
ERR5207011	f__Spirochaetaceae (UID2512)	56	235	124	0	235	0	0	0	0	100.00	0.00	0.00
ERR5207012	f__Spirochaetaceae (UID2512)	56	235	124	1	234	0	0	0	0	99.97	0.00	0.00
ERR5207013	f__Spirochaetaceae (UID2512)	56	235	124	6	219	10	0	0	0	96.21	3.98	30.00
ERR5207014	f__Spirochaetaceae (UID2512)	56	235	124	4	225	6	0	0	0	98.12	2.58	66.67
ERR5207015	f__Spirochaetaceae (UID2512)	56	235	124	1	231	3	0	0	0	99.97	0.52	66.67
ERR5207016	f__Spirochaetaceae (UID2512)	56	235	124	3	228	4	0	0	0	98.52	1.08	25.00
ERR5207017	f__Spirochaetaceae (UID2512)	56	235	124	0	235	0	0	0	0	100.00	0.00	0.00
ERR5207018	f__Spirochaetaceae (UID2512)	56	235	124	1	230	1	2	1	0	99.97	0.74	7.69
ERR5207019	f__Spirochaetaceae (UID2512)	56	235	124	0	235	0	0	0	0	100.00	0.00	0.00
ERR5207020	f__Spirochaetaceae (UID2512)	56	235	124	0	235	0	0	0	0	100.00	0.00	0.00
ERR5207021	f__Spirochaetaceae (UID2512)	56	235	124	25	201	9	0	0	0	86.88	4.86	11.11
ERR5207022	f__Spirochaetaceae (UID2512)	56	235	124	11	209	15	0	0	0	93.28	4.50	26.67
ERR5207023	f__Spirochaetaceae (UID2512)	56	235	124	29	190	15	1	0	0	86.63	6.54	27.78
ERR5207024	f__Spirochaetaceae (UID2512)	56	235	124	63	166	6	0	0	0	71.33	2.88	16.67
ERR5207025	f__Spirochaetaceae (UID2512)	56	235	124	16	212	5	2	0	0	93.01	2.10	27.27
ERR5207026	f__Spirochaetaceae (UID2512)	56	235	124	0	235	0	0	0	0	100.00	0.00	0.00
ERR5207027	f__Spirochaetaceae (UID2512)	56	235	124	1	234	0	0	0	0	99.97	0.00	0.00
ERR5207028	f__Spirochaetaceae (UID2512)	56	235	124	1	232	2	0	0	0	99.19	1.61	0.00
ERR5207029	f__Spirochaetaceae (UID2512)	56	235	124	0	235	0	0	0	0	100.00	0.00	0.00
ERR5207030	f__Spirochaetaceae (UID2512)	56	235	124	2	229	4	0	0	0	99.95	1.06	25.00
ERR5207031	f__Spirochaetaceae (UID2512)	56	235	124	0	235	0	0	0	0	100.00	0.00	0.00
ERR5207032	f__Spirochaetaceae (UID2512)	56	235	124	0	235	0	0	0	0	100.00	0.00	0.00
ERR5207033	f__Spirochaetaceae (UID2512)	56	235	124	20	205	10	0	0	0	88.99	4.83	20.00
ERR5207034	f__Spirochaetaceae (UID2512)	56	235	124	3	229	3	0	0	0	99.12	1.02	66.67
ERR5210563	f__Spirochaetaceae (UID2512)	56	235	124	2	227	6	0	0	0	99.71	1.29	33.33
ERR5210564	f__Spirochaetaceae (UID2512)	56	235	124	13	211	11	0	0	0	93.94	3.42	36.36
ERR5210565	f__Spirochaetaceae (UID2512)	56	235	124	15	206	13	1	0	0	92.28	3.41	18.75
ERR5210566	f__Spirochaetaceae (UID2512)	56	235	124	33	188	14	0	0	0	84.70	6.55	28.57
ERR5210567	f__Spirochaetaceae (UID2512)	56	235	124	11	213	11	0	0	0	94.87	4.65	45.45
ERR5210568	f__Spirochaetaceae (UID2512)	56	235	124	0	234	1	0	0	0	100.00	0.40	0.00
ERR5210569	f__Spirochaetaceae (UID2512)	56	235	124	0	235	0	0	0	0	100.00	0.00	0.00
ERR5210570	f__Spirochaetaceae (UID2512)	56	235	124	0	231	2	2	0	0	100.00	1.33	12.50
ERR5210571	f__Spirochaetaceae (UID2512)	56	235	124	29	188	18	0	0	0	88.34	7.01	11.11
ERR5210572	f__Spirochaetaceae (UID2512)	56	235	124	0	235	0	0	0	0	100.00	0.00	0.00
ERR5210573	f__Spirochaetaceae (UID2512)	56	235	124	37	181	16	1	0	0	80.56	7.79	21.05
ERR5210574	f__Spirochaetaceae (UID2512)	56	235	124	4	225	5	1	0	0	97.96	2.69	50.00
ERR5210575	f__Spirochaetaceae (UID2512)	56	235	124	2	233	0	0	0	0	99.95	0.00	0.00
ERR5210576	f__Spirochaetaceae (UID2512)	56	235	124	1	233	1	0	0	0	99.97	0.27	100.00
ERR5210577	f__Spirochaetaceae (UID2512)	56	235	124	1	234	0	0	0	0	99.97	0.00	0.00
ERR5210578	f__Spirochaetaceae (UID2512)	56	235	124	2	232	0	1	0	0	99.17	1.61	100.00
ERR5210579	f__Spirochaetaceae (UID2512)	56	235	124	0	235	0	0	0	0	100.00	0.00	0.00
ERR5210580	f__Spirochaetaceae (UID2512)	56	235	124	20	203	10	0	1	1	89.40	6.67	40.91
ERR5210581	f__Spirochaetaceae (UID2512)	56	235	124	0	232	2	1	0	0	100.00	0.97	0.00
ERR5210582	f__Spirochaetaceae (UID2512)	56	235	124	0	235	0	0	0	0	100.00	0.00	0.00
ERR5210583	f__Spirochaetaceae (UID2512)	56	235	124	1	234	0	0	0	0	99.97	0.00	0.00
ERR5210584	f__Spirochaetaceae (UID2512)	56	235	124	0	235	0	0	0	0	100.00	0.00	0.00
ERR5312309	k__Bacteria (UID203)	5449	99	54	74	24	1	0	0	0	35.19	0.93	0.00
ERR5312310	k__Bacteria (UID203)	5449	99	54	80	18	1	0	0	0	25.79	1.85	0.00
ERR5312311	f__Spirochaetaceae (UID2512)	56	235	124	151	77	7	0	0	0	39.85	3.25	28.57
ERR5312312	f__Spirochaetaceae (UID2512)	56	235	124	132	101	2	0	0	0	47.61	1.01	50.00
ERR5312313	f__Spirochaetaceae (UID2512)	56	235	124	190	44	1	0	0	0	18.15	0.81	0.00
ERR5312314	f__Spirochaetaceae (UID2512)	56	235	124	126	103	6	0	0	0	48.22	2.96	33.33
ERR5312315	f__Spirochaetaceae (UID2512)	56	235	124	145	87	3	0	0	0	37.96	1.21	0.00
ERR5312316	k__Bacteria (UID203)	5449	99	54	68	31	0	0	0	0	44.06	0.00	0.00
ERR5312317	f__Spirochaetaceae (UID2512)	56	235	124	129	100	6	0	0	0	46.79	3.27	33.33
ERR5312318	k__Bacteria (UID203)	5449	99	54	85	14	0	0	0	0	17.14	0.00	0.00
ERR5312319	f__Spirochaetaceae (UID2512)	56	235	124	125	107	3	0	0	0	49.32	1.81	33.33
ERR5312320	f__Spirochaetaceae (UID2512)	56	235	124	134	98	3	0	0	0	47.17	1.88	33.33
ERR5312321	f__Spirochaetaceae (UID2512)	56	235	124	137	95	3	0	0	0	45.39	1.02	33.33
ERR5312322	f__Spirochaetaceae (UID2512)	56	235	124	162	70	3	0	0	0	34.10	1.41	66.67
ERR5312323	f__Spirochaetaceae (UID2512)	56	235	124	172	61	2	0	0	0	29.05	1.21	50.00
ERR5312324	root (UID1)	5656	56	24	56	0	0	0	0	0	0.00	0.00	0.00
ERR5312325	f__Spirochaetaceae (UID2512)	56	235	124	121	108	6	0	0	0	47.83	3.83	0.00
ERR5312327	k__Bacteria (UID203)	5449	99	54	89	10	0	0	0	0	16.67	0.00	0.00
ERR5312328	k__Bacteria (UID203)	5449	99	54	69	29	1	0	0	0	38.84	0.93	0.00
ERR5312329	k__Bacteria (UID203)	5449	99	54	77	21	1	0	0	0	29.78	0.93	0.00
ERR5312330	k__Bacteria (UID203)	5449	99	54	73	25	1	0	0	0	35.38	0.93	100.00
ERR5312331	f__Spirochaetaceae (UID2512)	56	235	124	141	91	3	0	0	0	38.67	2.02	66.67
ERR5312332	k__Bacteria (UID203)	5449	99	54	80	18	1	0	0	0	25.03	0.93	100.00
ERR5312333	k__Bacteria (UID203)	5449	99	54	72	26	1	0	0	0	36.76	1.85	0.00
ERR5312334	k__Bacteria (UID203)	5449	99	54	82	17	0	0	0	0	24.69	0.00	0.00
ERR5312335	k__Bacteria (UID203)	5449	99	54	77	22	0	0	0	0	28.79	0.00	0.00
ERR5312336	k__Bacteria (UID203)	5449	99	54	79	19	1	0	0	0	23.20	0.17	100.00
ERR5312337	f__Spirochaetaceae (UID2512)	56	235	124	93	132	10	0	0	0	57.33	3.64	40.00
ERR5312338	f__Spirochaetaceae (UID2512)	56	235	124	172	62	1	0	0	0	27.13	0.81	100.00
ERR5312339	k__Bacteria (UID203)	5449	99	54	81	18	0	0	0	0	26.85	0.00	0.00
ERR5312340	f__Spirochaetaceae (UID2512)	56	235	124	128	102	5	0	0	0	45.95	1.82	40.00
ERR5312341	k__Bacteria (UID203)	5449	99	54	88	11	0	0	0	0	16.67	0.00	0.00
ERR5312342	f__Spirochaetaceae (UID2512)	56	235	124	112	118	5	0	0	0	55.18	1.26	20.00
ERR5312343	k__Bacteria (UID203)	5449	98	56	95	3	0	0	0	0	3.27	0.00	0.00
ERR5312344	k__Bacteria (UID203)	5449	99	54	70	29	0	0	0	0	37.88	0.00	0.00
ERR5312345	f__Spirochaetaceae (UID2512)	56	235	124	166	67	2	0	0	0	32.53	1.21	50.00
ERR5312346	k__Bacteria (UID203)	5449	99	54	86	13	0	0	0	0	17.62	0.00	0.00
ERR5312347	k__Bacteria (UID203)	5449	99	54	72	26	1	0	0	0	37.51	1.85	100.00
ERR5312348	f__Spirochaetaceae (UID2512)	56	235	124	155	78	2	0	0	0	32.82	0.09	0.00
ERR5312349	k__Bacteria (UID203)	5449	99	54	96	3	0	0	0	0	4.63	0.00	0.00
ERR5312350	k__Bacteria (UID203)	5449	99	54	85	14	0	0	0	0	21.46	0.00	0.00
ERR5312351	k__Bacteria (UID203)	5449	99	54	68	30	1	0	0	0	37.83	1.85	100.00
ERR5312352	f__Spirochaetaceae (UID2512)	56	235	124	144	87	4	0	0	0	41.20	1.77	0.00
ERR5312353	f__Spirochaetaceae (UID2512)	56	235	124	98	130	7	0	0	0	54.42	2.39	28.57
ERR5312354	f__Spirochaetaceae (UID2512)	56	235	124	169	62	4	0	0	0	26.30	1.51	0.00
ERR5312355	f__Spirochaetaceae (UID2512)	56	235	124	145	87	3	0	0	0	36.25	1.77	33.33
ERR7123576	f__Spirochaetaceae (UID2512)	56	235	124	1	224	10	0	0	0	99.97	2.17	30.00
ERR7123577	f__Spirochaetaceae (UID2512)	56	235	124	92	137	5	1	0	0	54.87	1.79	25.00
ERR7123578	k__Bacteria (UID203)	5449	99	54	88	11	0	0	0	0	7.14	0.00	0.00
ERR7123579	f__Spirochaetaceae (UID2512)	56	235	124	2	232	1	0	0	0	99.17	0.16	0.00
ERR7123580	f__Spirochaetaceae (UID2512)	56	235	124	1	230	4	0	0	0	99.97	0.95	50.00
ERR7123581	f__Spirochaetaceae (UID2512)	56	235	124	0	235	0	0	0	0	100.00	0.00	0.00
ERR7123582	f__Spirochaetaceae (UID2512)	56	235	124	1	234	0	0	0	0	99.19	0.00	0.00
ERR7123583	f__Spirochaetaceae (UID2512)	56	235	124	17	206	12	0	0	0	92.19	4.21	8.33
ERR7123584	f__Spirochaetaceae (UID2512)	56	235	124	17	218	0	0	0	0	93.15	0.00	0.00
ERR7123585	f__Spirochaetaceae (UID2512)	56	235	124	7	223	5	0	0	0	96.23	1.42	60.00
ERR7123586	f__Spirochaetaceae (UID2512)	56	235	124	2	229	1	3	0	0	99.17	2.52	70.00
ERR7123587	f__Spirochaetaceae (UID2512)	56	235	124	5	225	5	0	0	0	97.82	1.55	60.00
ERR7123588	f__Spirochaetaceae (UID2512)	56	235	124	1	233	1	0	0	0	99.19	0.40	100.00
ERR7123589	f__Spirochaetaceae (UID2512)	56	235	124	10	207	18	0	0	0	93.95	6.85	50.00
ERR7123590	f__Spirochaetaceae (UID2512)	56	235	124	2	233	0	0	0	0	99.17	0.00	0.00
ERR7123591	f__Spirochaetaceae (UID2512)	56	235	124	2	232	0	1	0	0	99.71	0.09	100.00
ERR7168269	k__Bacteria (UID203)	5449	99	54	82	17	0	0	0	0	15.36	0.00	0.00
ERR7168270	k__Bacteria (UID203)	5449	99	54	84	15	0	0	0	0	17.34	0.00	0.00
ERR7168271	k__Bacteria (UID203)	5449	99	54	92	7	0	0	0	0	6.67	0.00	0.00
ERR7168272	f__Spirochaetaceae (UID2512)	56	235	124	98	124	13	0	0	0	55.57	2.52	23.08
ERR7168273	f__Spirochaetaceae (UID2512)	56	235	124	160	74	1	0	0	0	29.32	0.27	100.00
ERR7168274	f__Spirochaetaceae (UID2512)	56	235	124	166	66	3	0	0	0	32.61	1.77	33.33
SRR13721290	f__Spirochaetaceae (UID2512)	56	235	124	1	234	0	0	0	0	99.97	0.00	0.00
SRR3268722	f__Spirochaetaceae (UID2512)	56	235	124	2	233	0	0	0	0	99.17	0.00	0.00
